871 871 1
935 935 1
1115 1115 1
820 820 1
1213 1213 1
648 648 1
1842 1842 1
772 772 1
1683 1683 1
963 963 1
989 989 1
986 986 1
1808 1808 1
1582 1582 1
675 675 1
849 849 1
987 987 1
651 651 1
1054 1054 1
849 849 1
1034 1034 1
1073 1073 1
1070 1070 1
827 827 1
563 563 1
 
2690 2690 1
1630 1630 1
1972 1972 1
1763 1763 1
2506 2506 1
2933 2933 1
2592 2592 1
3097 3097 1
3031 3031 1
1649 1649 1
2185 2185 1
1771 1771 1
1190 1190 1
1373 1373 1
1083 1083 1
1387 1387 1
1594 1594 1
1782 1782 1
2411 2411 1
1894 1894 1
2274 2274 1
2058 2058 1
3741 3741 1
1709 1709 1
1637 1637 1
 
4158 4158 1
4189 4189 1
3397 3397 1
4189 4189 1
4131 4131 1
2547 2547 1
3273 3273 1
3612 3612 1
5980 5980 1
2498 2498 1
2783 2783 1
3370 3370 1
3783 3783 1
4752 4752 1
2295 2295 1
2279 2279 1
3562 3562 1
3750 3750 1
4871 4871 1
3703 3703 1
2978 2978 1
3039 3039 1
2595 2595 1
2543 2543 1
5225 5225 1
 
2846 2846 1
3402 3402 1
5170 5170 1
3550 3550 1
4262 4262 1
3060 3060 1
4950 4950 1
3728 3728 1
4249 4249 1
3491 3491 1
4682 4682 1
4631 4631 1
3830 3830 1
6206 6206 1
4099 4099 1
3514 3514 1
3585 3585 1
4726 4726 1
6211 6211 1
5719 5719 1
4033 4033 1
7829 7829 1
3874 3874 1
3617 3617 1
3660 3660 1
 
4517 4517 1
5140 5140 1
4138 4138 1
7231 7231 1
4896 4896 1
4264 4264 1
6028 6028 1
5936 5936 1
4756 4756 1
4211 4211 1
3723 3723 1
4321 4321 1
6602 6602 1
5680 5680 1
5271 5271 1
5456 5456 1
4972 4972 1
5219 5219 1
6241 6241 1
5205 5205 1
3987 3987 1
6060 6060 1
4992 4992 1
4621 4621 1
5073 5073 1
 
6059 6059 1
4539 4539 1
5378 5378 1
6836 6836 1
6325 6325 1
5384 5384 1
7833 7833 1
4458 4458 1
5673 5673 1
5925 5925 1
4357 4357 1
3897 3897 1
6383 6383 1
6282 6282 1
6977 6977 1
6095 6095 1
4968 4968 1
6165 6165 1
5362 5362 1
5037 5037 1
5309 5309 1
8017 8017 1
6939 6939 1
5416 5416 1
4695 4695 1
 
7070 7070 1
6352 6352 1
7295 7295 1
6458 6458 1
7672 7672 1
8599 8599 1
6890 6890 1
10762 10762 1
9415 9415 1
9857 9857 1
6911 6911 1
6442 6442 1
7523 7523 1
7363 7363 1
4767 4767 1
7146 7146 1
9396 9396 1
6873 6873 1
7747 7747 1
8461 8461 1
8152 8152 1
8549 8549 1
9553 9553 1
5632 5632 1
7781 7781 1
 
5932 5932 1
10929 10929 1
8982 8982 1
7423 7423 1
7271 7271 1
7114 7114 1
9037 9037 1
8950 8950 1
8944 8944 1
9916 9916 1
6340 6340 1
9963 9963 1
8241 8241 1
8780 8780 1
7237 7237 1
8086 8086 1
8462 8462 1
9628 9628 1
10597 10597 1
8965 8965 1
6879 6879 1
8145 8145 1
8604 8604 1
8967 8967 1
6492 6492 1
 
9952 9952 1
8595 8595 1
8345 8345 1
10200 10200 1
9004 9004 1
8245 8245 1
7683 7683 1
9925 9925 1
8143 8143 1
11225 11225 1
11524 11524 1
9768 9768 1
9228 9228 1
11509 11509 1
10020 10020 1
9607 9607 1
9396 9396 1
8984 8984 1
11368 11368 1
16645 16645 1
8546 8546 1
8535 8535 1
8735 8735 1
8526 8526 1
9448 9448 1
 
12941 12941 1
11312 11312 1
9418 9418 1
13208 13208 1
9456 9456 1
13598 13598 1
10747 10747 1
10794 10794 1
11986 11986 1
9592 9592 1
12649 12649 1
12969 12969 1
9126 9126 1
12378 12378 1
9026 9026 1
12722 12722 1
9658 9658 1
10723 10723 1
11117 11117 1
10010 10010 1
9668 9668 1
11902 11902 1
10368 10368 1
12849 12849 1
9051 9051 1
 
12241 12241 1
15935 15935 1
12323 12323 1
12202 12202 1
10942 10942 1
13696 13696 1
10429 10429 1
14555 14555 1
10389 10389 1
10926 10926 1
15159 15159 1
15107 15107 1
10294 10294 1
12953 12953 1
10974 10974 1
12439 12439 1
10980 10980 1
10866 10866 1
11904 11904 1
9218 9218 1
13256 13256 1
9639 9639 1
12726 12726 1
10329 10329 1
11540 11540 1
 
16616 16616 1
13800 13800 1
15111 15111 1
12976 12976 1
16682 16682 1
13891 13891 1
13944 13944 1
11980 11980 1
14098 14098 1
15185 15185 1
12640 12640 1
12104 12104 1
12754 12754 1
12855 12855 1
10885 10885 1
13282 13282 1
14770 14770 1
13293 13293 1
17419 17419 1
10338 10338 1
11247 11247 1
13345 13345 1
13480 13480 1
11207 11207 1
11742 11742 1
 
13755 13755 1
14032 14032 1
14343 14343 1
14342 14342 1
13708 13708 1
12309 12309 1
13453 13453 1
13467 13467 1
11598 11598 1
14164 14164 1
17692 17692 1
10136 10136 1
15103 15103 1
17250 17250 1
14506 14506 1
16505 16505 1
12537 12537 1
14540 14540 1
10654 10654 1
15160 15160 1
12942 12942 1
14462 14462 1
19898 19898 1
17233 17233 1
12456 12456 1
 
17197 17197 1
13828 13828 1
15634 15634 1
16437 16437 1
17799 17799 1
16269 16269 1
15234 15234 1
13677 13677 1
13514 13514 1
18890 18890 1
14413 14413 1
14897 14897 1
15765 15765 1
13740 13740 1
14185 14185 1
16818 16818 1
15890 15890 1
15822 15822 1
13637 13637 1
16000 16000 1
17212 17212 1
16321 16321 1
17742 17742 1
14411 14411 1
13582 13582 1
 
15494 15494 1
19350 19350 1
16975 16975 1
14874 14874 1
15998 15998 1
15544 15544 1
13958 13958 1
16565 16565 1
16328 16328 1
15002 15002 1
18056 18056 1
17275 17275 1
16669 16670 0
19078 19078 1
12901 12901 1
14440 14440 1
16346 16346 1
16384 16384 1
15898 15898 1
13380 13380 1
19918 19918 1
14279 14279 1
19078 19078 1
15285 15285 1
13140 13140 1
 
15707 15707 1
17123 17123 1
14903 14903 1
15913 15913 1
20505 20505 1
16733 16733 1
21552 21553 0
18854 18854 1
18190 18191 0
15147 15147 1
16830 16830 1
15453 15453 1
16470 16470 1
14940 14940 1
15287 15287 1
18430 18430 1
16892 16892 1
16075 16075 1
16317 16317 1
16682 16682 1
17957 17957 1
16775 16775 1
16394 16394 1
19273 19273 1
18923 18923 1
 
24583 24584 0
18538 18538 1
19415 19416 0
15766 15766 1
18556 18556 1
15932 15932 1
20280 20280 1
16872 16872 1
16876 16876 1
22633 22633 1
19355 19358 0
21684 21684 1
18521 18521 1
19725 19726 0
17411 17412 0
22977 22977 1
17810 17810 1
17150 17150 1
19099 19099 1
21625 21626 0
17272 17272 1
18549 18549 1
18785 18785 1
18991 18991 1
18223 18223 1
 
15721 15721 1
18489 18490 0
15935 15935 1
20005 20005 1
16394 16394 1
16992 16992 1
20930 20931 0
21112 21112 1
17605 17606 0
17591 17591 1
18706 18706 1
16552 16552 1
28176 28176 1
18110 18112 0
23428 23428 1
24793 24793 1
19262 19262 1
21623 21623 1
22367 22367 1
22774 22774 1
20611 20611 1
20927 20927 1
19910 19910 1
18405 18405 1
20274 20274 1
 
18966 18967 0
20582 20582 1
17150 17150 1
20462 20464 0
16209 16209 1
23133 23133 1
19340 19340 1
19866 19866 1
20887 20887 1
19651 19653 0
21226 21226 1
22306 22306 1
23393 23393 1
21266 21266 1
22166 22166 1
20486 20486 1
17941 17941 1
17383 17383 1
43759 43759 1
24541 24542 0
21035 21035 1
24607 24610 0
23505 23506 0
18533 18534 0
20933 20934 0
 
26490 26492 0
23480 23481 0
23961 23961 1
22030 22030 1
21473 21474 0
19213 19214 0
21311 21311 1
19208 19209 0
22824 22826 0
21952 21953 0
17895 17895 1
25846 25852 0
23073 23079 0
22021 22023 0
19310 19310 1
21301 21302 0
21036 21037 0
21926 21926 1
21705 21706 0
21258 21260 0
18333 18333 1
24099 24100 0
17173 17175 0
31983 31983 1
22275 22276 0
 
24235 24235 1
23954 23958 0
21979 21980 0
23151 23151 1
28807 28810 0
20885 20890 0
21815 21816 0
25916 25917 0
23777 23782 0
22404 22410 0
21352 21352 1
20288 20289 0
23678 23678 1
25264 25266 0
20952 20952 1
21788 21788 1
21284 21285 0
26544 26551 0
18042 18042 1
22457 22458 0
22491 22491 1
23821 23822 0
22032 22032 1
21371 21375 0
24495 24498 0
 
2630 18925 0
2412 19488 0
3500 23916 0
2861 22211 0
3628 29188 0
3244 25245 0
3088 25149 0
3348 25969 0
2739 22932 0
2882 26971 0
2816 19747 0
2946 23754 0
2826 21702 0
3154 24646 0
2974 21298 0
2692 20717 0
2679 19466 0
2734 21128 0
2462 20640 0
2972 25234 0
2742 23052 0
2542 19646 0
2713 21101 0
3087 23639 0
2745 24858 0
 
1351 16718 0
1387 16833 0
1596 17373 0
1696 18575 0
2171 25085 0
1643 18711 0
1491 18655 0
1624 19537 0
1743 21603 0
1476 17329 0
1837 21180 0
1547 20077 0
1440 17979 0
1545 18000 0
1732 18548 0
1657 19688 0
1432 17749 0
1575 18926 0
1437 18093 0
1507 17964 0
1365 17643 0
1621 20259 0
1437 18620 0
1318 15859 0
1448 18537 0
 
===
