# Task,   Job,     Period,   Response, DL Miss?,   Lateness,  Tardiness
# task NAME=myapp PID=13245 COST=1000000 PERIOD=1250000 CPU=0
 13245,     2,    1250000,      11609,        0,   -1238391,          0
 13245,     3,    1250000,      83572,        0,   -1166428,          0
 13245,     4,    1250000,     959282,        0,    -290718,          0
 13245,     5,    1250000,     970087,        0,    -279913,          0
 13245,     6,    1250000,     914862,        0,    -335138,          0
 13245,     7,    1250000,     937574,        0,    -312426,          0
 13245,     8,    1250000,     938179,        0,    -311821,          0
 13245,     9,    1250000,     981883,        0,    -268117,          0
 13245,    10,    1250000,     926649,        0,    -323351,          0
 13245,    11,    1250000,     932629,        0,    -317371,          0
 13245,    12,    1250000,    1019100,        0,    -230900,          0
 13245,    13,    1250000,     936508,        0,    -313492,          0
 13245,    14,    1250000,     959988,        0,    -290012,          0
 13245,    15,    1250000,     918132,        0,    -331868,          0
 13245,    16,    1250000,     951706,        0,    -298294,          0
 13245,    17,    1250000,     986117,        0,    -263883,          0
 13245,    18,    1250000,     965354,        0,    -284646,          0
 13245,    19,    1250000,     909018,        0,    -340982,          0
 13245,    20,    1250000,     942854,        0,    -307146,          0
 13245,    21,    1250000,     924496,        0,    -325504,          0
 13245,    22,    1250000,    1041534,        0,    -208466,          0
 13245,    23,    1250000,     943529,        0,    -306471,          0
 13245,    24,    1250000,     936929,        0,    -313071,          0
 13245,    25,    1250000,     906514,        0,    -343486,          0
 13245,    26,    1250000,     938470,        0,    -311530,          0
 13245,    27,    1250000,     920918,        0,    -329082,          0
 13245,    28,    1250000,     911407,        0,    -338593,          0
 13245,    29,    1250000,     936988,        0,    -313012,          0
 13245,    30,    1250000,     914440,        0,    -335560,          0
 13245,    31,    1250000,     925147,        0,    -324853,          0
 13245,    32,    1250000,     921693,        0,    -328307,          0
 13245,    33,    1250000,     951832,        0,    -298168,          0
 13245,    34,    1250000,     909798,        0,    -340202,          0
 13245,    35,    1250000,     928352,        0,    -321648,          0
 13245,    36,    1250000,     902268,        0,    -347732,          0
 13245,    37,    1250000,     916385,        0,    -333615,          0
 13245,    38,    1250000,     963660,        0,    -286340,          0
 13245,    39,    1250000,     929839,        0,    -320161,          0
 13245,    40,    1250000,     988205,        0,    -261795,          0
 13245,    41,    1250000,     990970,        0,    -259030,          0
 13245,    42,    1250000,     959569,        0,    -290431,          0
 13245,    43,    1250000,     960750,        0,    -289250,          0
 13245,    44,    1250000,     941401,        0,    -308599,          0
 13245,    45,    1250000,    1014802,        0,    -235198,          0
 13245,    46,    1250000,     938915,        0,    -311085,          0
 13245,    47,    1250000,     913799,        0,    -336201,          0
 13245,    48,    1250000,     914663,        0,    -335337,          0
 13245,    49,    1250000,     979635,        0,    -270365,          0
 13245,    50,    1250000,     953657,        0,    -296343,          0
 13245,    51,    1250000,     934399,        0,    -315601,          0
 13245,    52,    1250000,     955830,        0,    -294170,          0
 13245,    53,    1250000,     946091,        0,    -303909,          0
 13245,    54,    1250000,     930049,        0,    -319951,          0
 13245,    55,    1250000,     922055,        0,    -327945,          0
 13245,    56,    1250000,     903449,        0,    -346551,          0
 13245,    57,    1250000,     969690,        0,    -280310,          0
 13245,    58,    1250000,     929551,        0,    -320449,          0
 13245,    59,    1250000,     932243,        0,    -317757,          0
 13245,    60,    1250000,     950773,        0,    -299227,          0
 13245,    61,    1250000,    1024477,        0,    -225523,          0
 13245,    62,    1250000,    1206776,        0,     -43224,          0
 13245,    63,    1250000,     948992,        0,    -301008,          0
 13245,    64,    1250000,     917463,        0,    -332537,          0
 13245,    65,    1250000,     974237,        0,    -275763,          0
 13245,    66,    1250000,     921273,        0,    -328727,          0
 13245,    67,    1250000,     920680,        0,    -329320,          0
 13245,    68,    1250000,     940769,        0,    -309231,          0
 13245,    69,    1250000,     955574,        0,    -294426,          0
 13245,    70,    1250000,     899773,        0,    -350227,          0
 13245,    71,    1250000,     935197,        0,    -314803,          0
 13245,    72,    1250000,     935777,        0,    -314223,          0
 13245,    73,    1250000,     962845,        0,    -287155,          0
 13245,    74,    1250000,     907182,        0,    -342818,          0
 13245,    75,    1250000,     908391,        0,    -341609,          0
 13245,    76,    1250000,     929796,        0,    -320204,          0
 13245,    77,    1250000,     936000,        0,    -314000,          0
 13245,    78,    1250000,     913599,        0,    -336401,          0
 13245,    79,    1250000,     913065,        0,    -336935,          0
 13245,    80,    1250000,     976532,        0,    -273468,          0
 13245,    81,    1250000,     956526,        0,    -293474,          0
 13245,    82,    1250000,     898386,        0,    -351614,          0
 13245,    83,    1250000,     941436,        0,    -308564,          0
 13245,    84,    1250000,     911426,        0,    -338574,          0
 13245,    85,    1250000,     949192,        0,    -300808,          0
 13245,    86,    1250000,     919517,        0,    -330483,          0
 13245,    87,    1250000,     930549,        0,    -319451,          0
 13245,    88,    1250000,     923456,        0,    -326544,          0
 13245,    89,    1250000,     932146,        0,    -317854,          0
 13245,    90,    1250000,     953611,        0,    -296389,          0
 13245,    91,    1250000,     949718,        0,    -300282,          0
 13245,    92,    1250000,     984809,        0,    -265191,          0
 13245,    93,    1250000,     946295,        0,    -303705,          0
 13245,    94,    1250000,     968614,        0,    -281386,          0
 13245,    95,    1250000,     932063,        0,    -317937,          0
 13245,    96,    1250000,     958355,        0,    -291645,          0
 13245,    97,    1250000,     939131,        0,    -310869,          0
 13245,    98,    1250000,     934498,        0,    -315502,          0
 13245,    99,    1250000,     911820,        0,    -338180,          0
 13245,   100,    1250000,     933656,        0,    -316344,          0
 13245,   101,    1250000,     968651,        0,    -281349,          0
 13245,   102,    1250000,     995841,        0,    -254159,          0
 13245,   103,    1250000,     923068,        0,    -326932,          0
 13245,   104,    1250000,     946205,        0,    -303795,          0
 13245,   105,    1250000,     959452,        0,    -290548,          0
 13245,   106,    1250000,    1002175,        0,    -247825,          0
 13245,   107,    1250000,     909273,        0,    -340727,          0
 13245,   108,    1250000,    1004877,        0,    -245123,          0
 13245,   109,    1250000,     939608,        0,    -310392,          0
 13245,   110,    1250000,     931467,        0,    -318533,          0
 13245,   111,    1250000,     904667,        0,    -345333,          0
 13245,   112,    1250000,     924422,        0,    -325578,          0
 13245,   113,    1250000,     953162,        0,    -296838,          0
 13245,   114,    1250000,     973205,        0,    -276795,          0
 13245,   115,    1250000,     960220,        0,    -289780,          0
 13245,   116,    1250000,     934449,        0,    -315551,          0
 13245,   117,    1250000,     964865,        0,    -285135,          0
 13245,   118,    1250000,     948109,        0,    -301891,          0
 13245,   119,    1250000,     930322,        0,    -319678,          0
 13245,   120,    1250000,     911393,        0,    -338607,          0
 13245,   121,    1250000,     955678,        0,    -294322,          0
 13245,   122,    1250000,     994432,        0,    -255568,          0
 13245,   123,    1250000,     934561,        0,    -315439,          0
 13245,   124,    1250000,     940451,        0,    -309549,          0
 13245,   125,    1250000,     963247,        0,    -286753,          0
 13245,   126,    1250000,     936269,        0,    -313731,          0
 13245,   127,    1250000,     932267,        0,    -317733,          0
 13245,   128,    1250000,     955841,        0,    -294159,          0
 13245,   129,    1250000,     957104,        0,    -292896,          0
 13245,   130,    1250000,     938215,        0,    -311785,          0
 13245,   131,    1250000,     908061,        0,    -341939,          0
 13245,   132,    1250000,     951522,        0,    -298478,          0
 13245,   133,    1250000,     922012,        0,    -327988,          0
 13245,   134,    1250000,     912721,        0,    -337279,          0
 13245,   135,    1250000,     936351,        0,    -313649,          0
 13245,   136,    1250000,     914028,        0,    -335972,          0
 13245,   137,    1250000,     963469,        0,    -286531,          0
 13245,   138,    1250000,     972639,        0,    -277361,          0
 13245,   139,    1250000,     937323,        0,    -312677,          0
 13245,   140,    1250000,     969551,        0,    -280449,          0
 13245,   141,    1250000,    1031189,        0,    -218811,          0
 13245,   142,    1250000,     946763,        0,    -303237,          0
 13245,   143,    1250000,     908257,        0,    -341743,          0
 13245,   144,    1250000,     933483,        0,    -316517,          0
 13245,   145,    1250000,     918932,        0,    -331068,          0
 13245,   146,    1250000,     982406,        0,    -267594,          0
 13245,   147,    1250000,     926265,        0,    -323735,          0
 13245,   148,    1250000,     967795,        0,    -282205,          0
 13245,   149,    1250000,     931555,        0,    -318445,          0
 13245,   150,    1250000,     935861,        0,    -314139,          0
 13245,   151,    1250000,     996800,        0,    -253200,          0
 13245,   152,    1250000,     911705,        0,    -338295,          0
 13245,   153,    1250000,     988854,        0,    -261146,          0
 13245,   154,    1250000,    1038358,        0,    -211642,          0
 13245,   155,    1250000,     955755,        0,    -294245,          0
 13245,   156,    1250000,     964981,        0,    -285019,          0
 13245,   157,    1250000,     939955,        0,    -310045,          0
 13245,   158,    1250000,     935723,        0,    -314277,          0
 13245,   159,    1250000,     943640,        0,    -306360,          0
 13245,   160,    1250000,     942162,        0,    -307838,          0
 13245,   161,    1250000,     974559,        0,    -275441,          0
 13245,   162,    1250000,    1207969,        0,     -42031,          0
 13245,   163,    1250000,     959080,        0,    -290920,          0
 13245,   164,    1250000,     966611,        0,    -283389,          0
 13245,   165,    1250000,     931975,        0,    -318025,          0
 13245,   166,    1250000,     919986,        0,    -330014,          0
 13245,   167,    1250000,     929613,        0,    -320387,          0
 13245,   168,    1250000,     924250,        0,    -325750,          0
 13245,   169,    1250000,     929388,        0,    -320612,          0
 13245,   170,    1250000,     945670,        0,    -304330,          0
 13245,   171,    1250000,     935530,        0,    -314470,          0
 13245,   172,    1250000,     945864,        0,    -304136,          0
 13245,   173,    1250000,     969994,        0,    -280006,          0
 13245,   174,    1250000,     943998,        0,    -306002,          0
 13245,   175,    1250000,     929730,        0,    -320270,          0
 13245,   176,    1250000,     913912,        0,    -336088,          0
 13245,   177,    1250000,     977108,        0,    -272892,          0
 13245,   178,    1250000,     934803,        0,    -315197,          0
 13245,   179,    1250000,     914565,        0,    -335435,          0
 13245,   180,    1250000,     939119,        0,    -310881,          0
 13245,   181,    1250000,     920659,        0,    -329341,          0
 13245,   182,    1250000,     972796,        0,    -277204,          0
 13245,   183,    1250000,    1029296,        0,    -220704,          0
 13245,   184,    1250000,     952943,        0,    -297057,          0
 13245,   185,    1250000,     953919,        0,    -296081,          0
 13245,   186,    1250000,     928248,        0,    -321752,          0
 13245,   187,    1250000,     963387,        0,    -286613,          0
 13245,   188,    1250000,     998330,        0,    -251670,          0
 13245,   189,    1250000,     940003,        0,    -309997,          0
 13245,   190,    1250000,     947904,        0,    -302096,          0
 13245,   191,    1250000,     985838,        0,    -264162,          0
 13245,   192,    1250000,     920887,        0,    -329113,          0
 13245,   193,    1250000,     925899,        0,    -324101,          0
 13245,   194,    1250000,     961628,        0,    -288372,          0
 13245,   195,    1250000,     916568,        0,    -333432,          0
 13245,   196,    1250000,     923082,        0,    -326918,          0
 13245,   197,    1250000,     974712,        0,    -275288,          0
 13245,   198,    1250000,     957792,        0,    -292208,          0
 13245,   199,    1250000,     938215,        0,    -311785,          0
 13245,   200,    1250000,     921858,        0,    -328142,          0
 13245,   201,    1250000,     941647,        0,    -308353,          0
 13245,   202,    1250000,     922629,        0,    -327371,          0
 13245,   203,    1250000,     968604,        0,    -281396,          0
 13245,   204,    1250000,     991657,        0,    -258343,          0
 13245,   205,    1250000,     984207,        0,    -265793,          0
 13245,   206,    1250000,     938677,        0,    -311323,          0
 13245,   207,    1250000,     934551,        0,    -315449,          0
 13245,   208,    1250000,     937415,        0,    -312585,          0
 13245,   209,    1250000,     918839,        0,    -331161,          0
 13245,   210,    1250000,     925422,        0,    -324578,          0
 13245,   211,    1250000,     944922,        0,    -305078,          0
 13245,   212,    1250000,     956353,        0,    -293647,          0
 13245,   213,    1250000,     938799,        0,    -311201,          0
 13245,   214,    1250000,     951064,        0,    -298936,          0
 13245,   215,    1250000,     914778,        0,    -335222,          0
 13245,   216,    1250000,     906989,        0,    -343011,          0
 13245,   217,    1250000,    1014657,        0,    -235343,          0
 13245,   218,    1250000,     934871,        0,    -315129,          0
 13245,   219,    1250000,     914106,        0,    -335894,          0
 13245,   220,    1250000,     971979,        0,    -278021,          0
 13245,   221,    1250000,     915216,        0,    -334784,          0
 13245,   222,    1250000,     932858,        0,    -317142,          0
 13245,   223,    1250000,     910252,        0,    -339748,          0
 13245,   224,    1250000,     939421,        0,    -310579,          0
 13245,   225,    1250000,     938160,        0,    -311840,          0
 13245,   226,    1250000,     954574,        0,    -295426,          0
 13245,   227,    1250000,     943376,        0,    -306624,          0
 13245,   228,    1250000,     930657,        0,    -319343,          0
 13245,   229,    1250000,     942463,        0,    -307537,          0
 13245,   230,    1250000,     918303,        0,    -331697,          0
 13245,   231,    1250000,     969942,        0,    -280058,          0
 13245,   232,    1250000,     966658,        0,    -283342,          0
 13245,   233,    1250000,     929008,        0,    -320992,          0
 13245,   234,    1250000,     928749,        0,    -321251,          0
 13245,   235,    1250000,     904568,        0,    -345432,          0
 13245,   236,    1250000,     959614,        0,    -290386,          0
 13245,   237,    1250000,     942357,        0,    -307643,          0
 13245,   238,    1250000,     938646,        0,    -311354,          0
 13245,   239,    1250000,     938431,        0,    -311569,          0
 13245,   240,    1250000,     954233,        0,    -295767,          0
 13245,   241,    1250000,     939656,        0,    -310344,          0
 13245,   242,    1250000,     989087,        0,    -260913,          0
 13245,   243,    1250000,     942985,        0,    -307015,          0
 13245,   244,    1250000,     936929,        0,    -313071,          0
 13245,   245,    1250000,     960286,        0,    -289714,          0
 13245,   246,    1250000,     957778,        0,    -292222,          0
 13245,   247,    1250000,     940603,        0,    -309397,          0
 13245,   248,    1250000,     987502,        0,    -262498,          0
 13245,   249,    1250000,     941805,        0,    -308195,          0
 13245,   250,    1250000,     928093,        0,    -321907,          0
 13245,   251,    1250000,     917387,        0,    -332613,          0
 13245,   252,    1250000,     910851,        0,    -339149,          0
 13245,   253,    1250000,     938729,        0,    -311271,          0
 13245,   254,    1250000,     923118,        0,    -326882,          0
 13245,   255,    1250000,     939535,        0,    -310465,          0
 13245,   256,    1250000,     911771,        0,    -338229,          0
 13245,   257,    1250000,     960133,        0,    -289867,          0
 13245,   258,    1250000,     928737,        0,    -321263,          0
 13245,   259,    1250000,     935232,        0,    -314768,          0
 13245,   260,    1250000,     962615,        0,    -287385,          0
 13245,   261,    1250000,     964136,        0,    -285864,          0
 13245,   262,    1250000,    1249494,        0,       -506,          0
 13245,   264,    1250000,     934331,        0,    -315669,          0
 13245,   265,    1250000,     940724,        0,    -309276,          0
 13245,   266,    1250000,     904116,        0,    -345884,          0
 13245,   267,    1250000,     928925,        0,    -321075,          0
 13245,   268,    1250000,     940773,        0,    -309227,          0
 13245,   269,    1250000,     935150,        0,    -314850,          0
 13245,   270,    1250000,     983161,        0,    -266839,          0
 13245,   271,    1250000,     919570,        0,    -330430,          0
 13245,   272,    1250000,     942410,        0,    -307590,          0
 13245,   273,    1250000,     977612,        0,    -272388,          0
 13245,   274,    1250000,     967297,        0,    -282703,          0
 13245,   275,    1250000,     967387,        0,    -282613,          0
 13245,   276,    1250000,     954047,        0,    -295953,          0
 13245,   277,    1250000,     919743,        0,    -330257,          0
 13245,   278,    1250000,     983172,        0,    -266828,          0
 13245,   279,    1250000,     922532,        0,    -327468,          0
 13245,   280,    1250000,     949918,        0,    -300082,          0
 13245,   281,    1250000,     927034,        0,    -322966,          0
 13245,   282,    1250000,     955826,        0,    -294174,          0
 13245,   283,    1250000,     943669,        0,    -306331,          0
 13245,   284,    1250000,     911394,        0,    -338606,          0
 13245,   285,    1250000,     946191,        0,    -303809,          0
 13245,   286,    1250000,     962806,        0,    -287194,          0
 13245,   287,    1250000,     908028,        0,    -341972,          0
 13245,   288,    1250000,     939877,        0,    -310123,          0
 13245,   289,    1250000,     909003,        0,    -340997,          0
 13245,   290,    1250000,     988671,        0,    -261329,          0
 13245,   291,    1250000,     941274,        0,    -308726,          0
 13245,   292,    1250000,     981766,        0,    -268234,          0
 13245,   293,    1250000,     935873,        0,    -314127,          0
 13245,   294,    1250000,     915434,        0,    -334566,          0
 13245,   295,    1250000,     913587,        0,    -336413,          0
 13245,   296,    1250000,     921225,        0,    -328775,          0
 13245,   297,    1250000,     923055,        0,    -326945,          0
 13245,   298,    1250000,     910862,        0,    -339138,          0
 13245,   299,    1250000,     929490,        0,    -320510,          0
 13245,   300,    1250000,     998514,        0,    -251486,          0
 13245,   301,    1250000,     951939,        0,    -298061,          0
 13245,   302,    1250000,     949902,        0,    -300098,          0
 13245,   303,    1250000,     948523,        0,    -301477,          0
 13245,   304,    1250000,     965234,        0,    -284766,          0
 13245,   305,    1250000,     932803,        0,    -317197,          0
 13245,   306,    1250000,     970673,        0,    -279327,          0
 13245,   307,    1250000,     919385,        0,    -330615,          0
 13245,   308,    1250000,     933664,        0,    -316336,          0
 13245,   309,    1250000,     934424,        0,    -315576,          0
 13245,   310,    1250000,     980243,        0,    -269757,          0
 13245,   311,    1250000,     913488,        0,    -336512,          0
 13245,   312,    1250000,     922327,        0,    -327673,          0
 13245,   313,    1250000,     917699,        0,    -332301,          0
 13245,   314,    1250000,     924006,        0,    -325994,          0
 13245,   315,    1250000,     966166,        0,    -283834,          0
 13245,   316,    1250000,    1004453,        0,    -245547,          0
 13245,   317,    1250000,     932758,        0,    -317242,          0
 13245,   318,    1250000,     984172,        0,    -265828,          0
 13245,   319,    1250000,     946132,        0,    -303868,          0
 13245,   320,    1250000,     925274,        0,    -324726,          0
 13245,   321,    1250000,     925835,        0,    -324165,          0
 13245,   322,    1250000,     931815,        0,    -318185,          0
 13245,   323,    1250000,     936432,        0,    -313568,          0
 13245,   324,    1250000,     929162,        0,    -320838,          0
 13245,   325,    1250000,     927274,        0,    -322726,          0
 13245,   326,    1250000,     959061,        0,    -290939,          0
 13245,   327,    1250000,     923677,        0,    -326323,          0
 13245,   328,    1250000,     913998,        0,    -336002,          0
 13245,   329,    1250000,     938469,        0,    -311531,          0
 13245,   330,    1250000,     975183,        0,    -274817,          0
 13245,   331,    1250000,     953980,        0,    -296020,          0
 13245,   332,    1250000,     933421,        0,    -316579,          0
 13245,   333,    1250000,     953775,        0,    -296225,          0
 13245,   334,    1250000,     961056,        0,    -288944,          0
 13245,   335,    1250000,     931833,        0,    -318167,          0
 13245,   336,    1250000,     946844,        0,    -303156,          0
 13245,   337,    1250000,     921103,        0,    -328897,          0
 13245,   338,    1250000,     954786,        0,    -295214,          0
 13245,   339,    1250000,     932694,        0,    -317306,          0
 13245,   340,    1250000,    1008510,        0,    -241490,          0
 13245,   341,    1250000,     936490,        0,    -313510,          0
 13245,   342,    1250000,     924654,        0,    -325346,          0
 13245,   343,    1250000,     931580,        0,    -318420,          0
 13245,   344,    1250000,     938687,        0,    -311313,          0
 13245,   345,    1250000,     909229,        0,    -340771,          0
 13245,   346,    1250000,     980326,        0,    -269674,          0
 13245,   347,    1250000,     975398,        0,    -274602,          0
 13245,   348,    1250000,     954464,        0,    -295536,          0
 13245,   349,    1250000,     929230,        0,    -320770,          0
 13245,   350,    1250000,     976678,        0,    -273322,          0
 13245,   351,    1250000,    1016330,        0,    -233670,          0
 13245,   352,    1250000,     911451,        0,    -338549,          0
 13245,   353,    1250000,     922984,        0,    -327016,          0
 13245,   354,    1250000,    1018833,        0,    -231167,          0
 13245,   355,    1250000,     939749,        0,    -310251,          0
 13245,   356,    1250000,     912095,        0,    -337905,          0
 13245,   357,    1250000,     936241,        0,    -313759,          0
 13245,   358,    1250000,     960739,        0,    -289261,          0
 13245,   359,    1250000,     985190,        0,    -264810,          0
 13245,   360,    1250000,     996453,        0,    -253547,          0
 13245,   361,    1250000,     947823,        0,    -302177,          0
 13245,   362,    1250000,    1214898,        0,     -35102,          0
 13245,   363,    1250000,     912968,        0,    -337032,          0
 13245,   364,    1250000,     953242,        0,    -296758,          0
 13245,   365,    1250000,     937945,        0,    -312055,          0
 13245,   366,    1250000,     920499,        0,    -329501,          0
 13245,   367,    1250000,     952622,        0,    -297378,          0
 13245,   368,    1250000,     927582,        0,    -322418,          0
 13245,   369,    1250000,     992229,        0,    -257771,          0
 13245,   370,    1250000,     958433,        0,    -291567,          0
 13245,   371,    1250000,     950193,        0,    -299807,          0
 13245,   372,    1250000,     953344,        0,    -296656,          0
 13245,   373,    1250000,     916915,        0,    -333085,          0
 13245,   374,    1250000,     972942,        0,    -277058,          0
 13245,   375,    1250000,     904251,        0,    -345749,          0
 13245,   376,    1250000,     947437,        0,    -302563,          0
 13245,   377,    1250000,     976661,        0,    -273339,          0
 13245,   378,    1250000,     917444,        0,    -332556,          0
 13245,   379,    1250000,     918308,        0,    -331692,          0
 13245,   380,    1250000,     928421,        0,    -321579,          0
 13245,   381,    1250000,     913165,        0,    -336835,          0
 13245,   382,    1250000,     927046,        0,    -322954,          0
 13245,   383,    1250000,     937986,        0,    -312014,          0
 13245,   384,    1250000,     954005,        0,    -295995,          0
 13245,   385,    1250000,     945842,        0,    -304158,          0
 13245,   386,    1250000,     927083,        0,    -322917,          0
 13245,   387,    1250000,     948746,        0,    -301254,          0
 13245,   388,    1250000,     947048,        0,    -302952,          0
 13245,   389,    1250000,     992726,        0,    -257274,          0
 13245,   390,    1250000,     925591,        0,    -324409,          0
 13245,   391,    1250000,     955486,        0,    -294514,          0
 13245,   392,    1250000,     970599,        0,    -279401,          0
 13245,   393,    1250000,    1005448,        0,    -244552,          0
 13245,   394,    1250000,     905187,        0,    -344813,          0
 13245,   395,    1250000,     920383,        0,    -329617,          0
 13245,   396,    1250000,     985913,        0,    -264087,          0
 13245,   397,    1250000,     913144,        0,    -336856,          0
 13245,   398,    1250000,     945555,        0,    -304445,          0
 13245,   399,    1250000,     919994,        0,    -330006,          0
 13245,   400,    1250000,     920260,        0,    -329740,          0
 13245,   401,    1250000,     919584,        0,    -330416,          0
 13245,   402,    1250000,     925735,        0,    -324265,          0
 13245,   403,    1250000,     956572,        0,    -293428,          0
 13245,   404,    1250000,     944741,        0,    -305259,          0
 13245,   405,    1250000,     932107,        0,    -317893,          0
 13245,   406,    1250000,     936429,        0,    -313571,          0
 13245,   407,    1250000,     915136,        0,    -334864,          0
 13245,   408,    1250000,     936635,        0,    -313365,          0
 13245,   409,    1250000,    1018873,        0,    -231127,          0
 13245,   410,    1250000,     959680,        0,    -290320,          0
 13245,   411,    1250000,     917780,        0,    -332220,          0
 13245,   412,    1250000,     935642,        0,    -314358,          0
 13245,   413,    1250000,     948922,        0,    -301078,          0
 13245,   414,    1250000,     909035,        0,    -340965,          0
 13245,   415,    1250000,     990007,        0,    -259993,          0
 13245,   416,    1250000,     941956,        0,    -308044,          0
 13245,   417,    1250000,     959568,        0,    -290432,          0
 13245,   418,    1250000,     987089,        0,    -262911,          0
 13245,   419,    1250000,     927752,        0,    -322248,          0
 13245,   420,    1250000,     922820,        0,    -327180,          0
 13245,   421,    1250000,     951472,        0,    -298528,          0
 13245,   422,    1250000,     967837,        0,    -282163,          0
 13245,   423,    1250000,     943338,        0,    -306662,          0
 13245,   424,    1250000,     906559,        0,    -343441,          0
 13245,   425,    1250000,     991851,        0,    -258149,          0
 13245,   426,    1250000,     951629,        0,    -298371,          0
 13245,   427,    1250000,     925740,        0,    -324260,          0
 13245,   428,    1250000,     930358,        0,    -319642,          0
 13245,   429,    1250000,     925463,        0,    -324537,          0
 13245,   430,    1250000,     937772,        0,    -312228,          0
 13245,   431,    1250000,     926483,        0,    -323517,          0
 13245,   432,    1250000,     915518,        0,    -334482,          0
 13245,   433,    1250000,     969577,        0,    -280423,          0
 13245,   434,    1250000,     912994,        0,    -337006,          0
 13245,   435,    1250000,     920808,        0,    -329192,          0
 13245,   436,    1250000,     981871,        0,    -268129,          0
 13245,   437,    1250000,     934146,        0,    -315854,          0
 13245,   438,    1250000,     953533,        0,    -296467,          0
 13245,   439,    1250000,     925320,        0,    -324680,          0
 13245,   440,    1250000,     910052,        0,    -339948,          0
 13245,   441,    1250000,     938607,        0,    -311393,          0
 13245,   442,    1250000,     983362,        0,    -266638,          0
 13245,   443,    1250000,     917868,        0,    -332132,          0
 13245,   444,    1250000,     939375,        0,    -310625,          0
 13245,   445,    1250000,     941070,        0,    -308930,          0
 13245,   446,    1250000,     999505,        0,    -250495,          0
 13245,   447,    1250000,     953923,        0,    -296077,          0
 13245,   448,    1250000,     966214,        0,    -283786,          0
 13245,   449,    1250000,     966588,        0,    -283412,          0
 13245,   450,    1250000,     930027,        0,    -319973,          0
 13245,   451,    1250000,     958571,        0,    -291429,          0
 13245,   452,    1250000,     934255,        0,    -315745,          0
 13245,   453,    1250000,     960569,        0,    -289431,          0
 13245,   454,    1250000,     998635,        0,    -251365,          0
 13245,   455,    1250000,     963141,        0,    -286859,          0
 13245,   456,    1250000,     929954,        0,    -320046,          0
 13245,   457,    1250000,     926211,        0,    -323789,          0
 13245,   458,    1250000,     939380,        0,    -310620,          0
 13245,   459,    1250000,     921293,        0,    -328707,          0
 13245,   460,    1250000,     918829,        0,    -331171,          0
 13245,   461,    1250000,     926649,        0,    -323351,          0
 13245,   462,    1250000,    1195704,        0,     -54296,          0
 13245,   463,    1250000,     927529,        0,    -322471,          0
 13245,   464,    1250000,     931614,        0,    -318386,          0
 13245,   465,    1250000,     944005,        0,    -305995,          0
 13245,   466,    1250000,     916275,        0,    -333725,          0
 13245,   467,    1250000,     978074,        0,    -271926,          0
 13245,   468,    1250000,     999495,        0,    -250505,          0
 13245,   469,    1250000,     961689,        0,    -288311,          0
 13245,   470,    1250000,     950857,        0,    -299143,          0
 13245,   471,    1250000,     936709,        0,    -313291,          0
 13245,   472,    1250000,     966957,        0,    -283043,          0
 13245,   473,    1250000,     929072,        0,    -320928,          0
 13245,   474,    1250000,     911793,        0,    -338207,          0
 13245,   475,    1250000,     902715,        0,    -347285,          0
 13245,   476,    1250000,     967455,        0,    -282545,          0
 13245,   477,    1250000,     923530,        0,    -326470,          0
 13245,   478,    1250000,     909032,        0,    -340968,          0
 13245,   479,    1250000,     916112,        0,    -333888,          0
 13245,   480,    1250000,     928093,        0,    -321907,          0
 13245,   481,    1250000,     929245,        0,    -320755,          0
 13245,   482,    1250000,     952021,        0,    -297979,          0
 13245,   483,    1250000,     998501,        0,    -251499,          0
 13245,   484,    1250000,     996988,        0,    -253012,          0
 13245,   485,    1250000,     922691,        0,    -327309,          0
 13245,   486,    1250000,     937582,        0,    -312418,          0
 13245,   487,    1250000,     937674,        0,    -312326,          0
 13245,   488,    1250000,     961963,        0,    -288037,          0
 13245,   489,    1250000,     935609,        0,    -314391,          0
 13245,   490,    1250000,     916411,        0,    -333589,          0
 13245,   491,    1250000,     922882,        0,    -327118,          0
 13245,   492,    1250000,     923074,        0,    -326926,          0
 13245,   493,    1250000,     968195,        0,    -281805,          0
 13245,   494,    1250000,     945445,        0,    -304555,          0
 13245,   495,    1250000,     935838,        0,    -314162,          0
 13245,   496,    1250000,     983132,        0,    -266868,          0
 13245,   497,    1250000,     936178,        0,    -313822,          0
 13245,   498,    1250000,     916638,        0,    -333362,          0
 13245,   499,    1250000,     959239,        0,    -290761,          0
 13245,   500,    1250000,     985094,        0,    -264906,          0
 13245,   501,    1250000,     958238,        0,    -291762,          0
 13245,   502,    1250000,     950485,        0,    -299515,          0
 13245,   503,    1250000,     924467,        0,    -325533,          0
 13245,   504,    1250000,     966371,        0,    -283629,          0
 13245,   505,    1250000,     957716,        0,    -292284,          0
 13245,   506,    1250000,     928937,        0,    -321063,          0
 13245,   507,    1250000,     947008,        0,    -302992,          0
 13245,   508,    1250000,     918011,        0,    -331989,          0
 13245,   509,    1250000,     912263,        0,    -337737,          0
 13245,   510,    1250000,     936585,        0,    -313415,          0
 13245,   511,    1250000,     954305,        0,    -295695,          0
 13245,   512,    1250000,     929802,        0,    -320198,          0
 13245,   513,    1250000,     944405,        0,    -305595,          0
 13245,   514,    1250000,    1005033,        0,    -244967,          0
 13245,   515,    1250000,     963572,        0,    -286428,          0
 13245,   516,    1250000,     955104,        0,    -294896,          0
 13245,   517,    1250000,     951782,        0,    -298218,          0
 13245,   518,    1250000,    1003450,        0,    -246550,          0
 13245,   519,    1250000,     954403,        0,    -295597,          0
 13245,   520,    1250000,     915214,        0,    -334786,          0
 13245,   521,    1250000,     936079,        0,    -313921,          0
 13245,   522,    1250000,     928299,        0,    -321701,          0
 13245,   523,    1250000,     943711,        0,    -306289,          0
 13245,   524,    1250000,     985779,        0,    -264221,          0
 13245,   525,    1250000,     961499,        0,    -288501,          0
 13245,   526,    1250000,     941166,        0,    -308834,          0
 13245,   527,    1250000,     941126,        0,    -308874,          0
 13245,   528,    1250000,     944498,        0,    -305502,          0
 13245,   529,    1250000,     963451,        0,    -286549,          0
 13245,   530,    1250000,     942974,        0,    -307026,          0
 13245,   531,    1250000,     947128,        0,    -302872,          0
 13245,   532,    1250000,     991377,        0,    -258623,          0
 13245,   533,    1250000,    1008349,        0,    -241651,          0
 13245,   534,    1250000,     922394,        0,    -327606,          0
 13245,   535,    1250000,     996552,        0,    -253448,          0
 13245,   536,    1250000,     942482,        0,    -307518,          0
 13245,   537,    1250000,     924864,        0,    -325136,          0
 13245,   538,    1250000,     953999,        0,    -296001,          0
 13245,   539,    1250000,     930881,        0,    -319119,          0
 13245,   540,    1250000,     959924,        0,    -290076,          0
 13245,   541,    1250000,     924989,        0,    -325011,          0
 13245,   542,    1250000,     910152,        0,    -339848,          0
 13245,   543,    1250000,     939465,        0,    -310535,          0
 13245,   544,    1250000,     991270,        0,    -258730,          0
 13245,   545,    1250000,     933729,        0,    -316271,          0
 13245,   546,    1250000,     968227,        0,    -281773,          0
 13245,   547,    1250000,     964708,        0,    -285292,          0
 13245,   548,    1250000,     978144,        0,    -271856,          0
 13245,   549,    1250000,     901788,        0,    -348212,          0
 13245,   550,    1250000,     960949,        0,    -289051,          0
 13245,   551,    1250000,     926775,        0,    -323225,          0
 13245,   552,    1250000,     945465,        0,    -304535,          0
 13245,   553,    1250000,     946059,        0,    -303941,          0
 13245,   554,    1250000,    1013603,        0,    -236397,          0
 13245,   555,    1250000,     914511,        0,    -335489,          0
 13245,   556,    1250000,     934539,        0,    -315461,          0
 13245,   557,    1250000,     925964,        0,    -324036,          0
 13245,   558,    1250000,     954065,        0,    -295935,          0
 13245,   559,    1250000,     915441,        0,    -334559,          0
 13245,   560,    1250000,     986397,        0,    -263603,          0
 13245,   561,    1250000,     963539,        0,    -286461,          0
 13245,   562,    1250000,    1247112,        0,      -2888,          0
 13245,   563,    1250000,     887538,        0,    -362462,          0
 13245,   564,    1250000,     930558,        0,    -319442,          0
 13245,   565,    1250000,     922530,        0,    -327470,          0
 13245,   566,    1250000,     919607,        0,    -330393,          0
 13245,   567,    1250000,     917229,        0,    -332771,          0
 13245,   568,    1250000,     938752,        0,    -311248,          0
 13245,   569,    1250000,     923051,        0,    -326949,          0
 13245,   570,    1250000,     959120,        0,    -290880,          0
 13245,   571,    1250000,     956548,        0,    -293452,          0
 13245,   572,    1250000,     930366,        0,    -319634,          0
 13245,   573,    1250000,     920183,        0,    -329817,          0
 13245,   574,    1250000,     988427,        0,    -261573,          0
 13245,   575,    1250000,     936514,        0,    -313486,          0
 13245,   576,    1250000,     957231,        0,    -292769,          0
 13245,   577,    1250000,     928011,        0,    -321989,          0
 13245,   578,    1250000,     952383,        0,    -297617,          0
 13245,   579,    1250000,     951555,        0,    -298445,          0
 13245,   580,    1250000,     933728,        0,    -316272,          0
 13245,   581,    1250000,     975072,        0,    -274928,          0
 13245,   582,    1250000,     957133,        0,    -292867,          0
 13245,   583,    1250000,     956491,        0,    -293509,          0
 13245,   584,    1250000,     969344,        0,    -280656,          0
 13245,   585,    1250000,     935471,        0,    -314529,          0
 13245,   586,    1250000,     973333,        0,    -276667,          0
 13245,   587,    1250000,     916796,        0,    -333204,          0
 13245,   588,    1250000,     929436,        0,    -320564,          0
 13245,   589,    1250000,     965716,        0,    -284284,          0
 13245,   590,    1250000,     917098,        0,    -332902,          0
 13245,   591,    1250000,     919496,        0,    -330504,          0
 13245,   592,    1250000,     912004,        0,    -337996,          0
 13245,   593,    1250000,     940947,        0,    -309053,          0
 13245,   594,    1250000,     927992,        0,    -322008,          0
 13245,   595,    1250000,     940842,        0,    -309158,          0
 13245,   596,    1250000,     943721,        0,    -306279,          0
 13245,   597,    1250000,     908044,        0,    -341956,          0
 13245,   598,    1250000,     987468,        0,    -262532,          0
 13245,   599,    1250000,     928881,        0,    -321119,          0
 13245,   600,    1250000,    1002253,        0,    -247747,          0
 13245,   601,    1250000,     928086,        0,    -321914,          0
 13245,   602,    1250000,     955271,        0,    -294729,          0
 13245,   603,    1250000,     934896,        0,    -315104,          0
 13245,   604,    1250000,     929812,        0,    -320188,          0
 13245,   605,    1250000,     951746,        0,    -298254,          0
 13245,   606,    1250000,     926528,        0,    -323472,          0
 13245,   607,    1250000,     910574,        0,    -339426,          0
 13245,   608,    1250000,     970424,        0,    -279576,          0
 13245,   609,    1250000,     943690,        0,    -306310,          0
 13245,   610,    1250000,     929917,        0,    -320083,          0
 13245,   611,    1250000,     939524,        0,    -310476,          0
 13245,   612,    1250000,     916757,        0,    -333243,          0
 13245,   613,    1250000,     947943,        0,    -302057,          0
 13245,   614,    1250000,     945140,        0,    -304860,          0
 13245,   615,    1250000,     969372,        0,    -280628,          0
 13245,   616,    1250000,     928563,        0,    -321437,          0
 13245,   617,    1250000,     903687,        0,    -346313,          0
 13245,   618,    1250000,     960793,        0,    -289207,          0
 13245,   619,    1250000,     952798,        0,    -297202,          0
 13245,   620,    1250000,     997471,        0,    -252529,          0
 13245,   621,    1250000,     947352,        0,    -302648,          0
 13245,   622,    1250000,     958687,        0,    -291313,          0
 13245,   623,    1250000,     987631,        0,    -262369,          0
 13245,   624,    1250000,     938557,        0,    -311443,          0
 13245,   625,    1250000,     928847,        0,    -321153,          0
 13245,   626,    1250000,     965232,        0,    -284768,          0
 13245,   627,    1250000,     960342,        0,    -289658,          0
 13245,   628,    1250000,     921149,        0,    -328851,          0
 13245,   629,    1250000,     953666,        0,    -296334,          0
 13245,   630,    1250000,     939494,        0,    -310506,          0
 13245,   631,    1250000,     994027,        0,    -255973,          0
 13245,   632,    1250000,     926079,        0,    -323921,          0
 13245,   633,    1250000,     930189,        0,    -319811,          0
 13245,   634,    1250000,     940956,        0,    -309044,          0
 13245,   635,    1250000,     957393,        0,    -292607,          0
 13245,   636,    1250000,     909585,        0,    -340415,          0
 13245,   637,    1250000,     915207,        0,    -334793,          0
 13245,   638,    1250000,     916792,        0,    -333208,          0
 13245,   639,    1250000,     936302,        0,    -313698,          0
 13245,   640,    1250000,     941861,        0,    -308139,          0
 13245,   641,    1250000,     985104,        0,    -264896,          0
 13245,   642,    1250000,     936310,        0,    -313690,          0
 13245,   643,    1250000,     943815,        0,    -306185,          0
 13245,   644,    1250000,     951928,        0,    -298072,          0
 13245,   645,    1250000,     914682,        0,    -335318,          0
 13245,   646,    1250000,     970394,        0,    -279606,          0
 13245,   647,    1250000,     908284,        0,    -341716,          0
 13245,   648,    1250000,     907274,        0,    -342726,          0
 13245,   649,    1250000,     940769,        0,    -309231,          0
 13245,   650,    1250000,     953467,        0,    -296533,          0
 13245,   651,    1250000,     915033,        0,    -334967,          0
 13245,   652,    1250000,     970750,        0,    -279250,          0
 13245,   653,    1250000,     942524,        0,    -307476,          0
 13245,   654,    1250000,     934647,        0,    -315353,          0
 13245,   655,    1250000,     993074,        0,    -256926,          0
 13245,   656,    1250000,     945854,        0,    -304146,          0
 13245,   657,    1250000,     945625,        0,    -304375,          0
 13245,   658,    1250000,     982817,        0,    -267183,          0
 13245,   659,    1250000,     921056,        0,    -328944,          0
 13245,   660,    1250000,     927740,        0,    -322260,          0
 13245,   661,    1250000,    1002964,        0,    -247036,          0
 13245,   662,    1250000,    1195339,        0,     -54661,          0
 13245,   663,    1250000,     942643,        0,    -307357,          0
 13245,   664,    1250000,     943318,        0,    -306682,          0
 13245,   665,    1250000,     932113,        0,    -317887,          0
 13245,   666,    1250000,     933809,        0,    -316191,          0
 13245,   667,    1250000,     997329,        0,    -252671,          0
 13245,   668,    1250000,     966560,        0,    -283440,          0
 13245,   669,    1250000,     989352,        0,    -260648,          0
 13245,   670,    1250000,     944874,        0,    -305126,          0
 13245,   671,    1250000,     961625,        0,    -288375,          0
 13245,   672,    1250000,     963411,        0,    -286589,          0
 13245,   673,    1250000,    1020665,        0,    -229335,          0
 13245,   674,    1250000,     923125,        0,    -326875,          0
 13245,   675,    1250000,     929233,        0,    -320767,          0
 13245,   676,    1250000,     980882,        0,    -269118,          0
 13245,   677,    1250000,     941468,        0,    -308532,          0
 13245,   678,    1250000,     909578,        0,    -340422,          0
 13245,   679,    1250000,     929958,        0,    -320042,          0
 13245,   680,    1250000,     935134,        0,    -314866,          0
 13245,   681,    1250000,     984263,        0,    -265737,          0
 13245,   682,    1250000,     954113,        0,    -295887,          0
 13245,   683,    1250000,     901759,        0,    -348241,          0
 13245,   684,    1250000,     977881,        0,    -272119,          0
 13245,   685,    1250000,     914458,        0,    -335542,          0
 13245,   686,    1250000,    1003977,        0,    -246023,          0
 13245,   687,    1250000,     926376,        0,    -323624,          0
 13245,   688,    1250000,     939533,        0,    -310467,          0
 13245,   689,    1250000,    1046790,        0,    -203210,          0
 13245,   690,    1250000,     937931,        0,    -312069,          0
 13245,   691,    1250000,     959350,        0,    -290650,          0
 13245,   692,    1250000,     958979,        0,    -291021,          0
 13245,   693,    1250000,     938191,        0,    -311809,          0
 13245,   694,    1250000,     956541,        0,    -293459,          0
 13245,   695,    1250000,     945725,        0,    -304275,          0
 13245,   696,    1250000,     936593,        0,    -313407,          0
 13245,   697,    1250000,     930570,        0,    -319430,          0
 13245,   698,    1250000,     983596,        0,    -266404,          0
 13245,   699,    1250000,     916895,        0,    -333105,          0
 13245,   700,    1250000,     919040,        0,    -330960,          0
 13245,   701,    1250000,     930040,        0,    -319960,          0
 13245,   702,    1250000,     909770,        0,    -340230,          0
 13245,   703,    1250000,     938297,        0,    -311703,          0
 13245,   704,    1250000,     908210,        0,    -341790,          0
 13245,   705,    1250000,     971895,        0,    -278105,          0
 13245,   706,    1250000,     961472,        0,    -288528,          0
 13245,   707,    1250000,     939431,        0,    -310569,          0
 13245,   708,    1250000,     926871,        0,    -323129,          0
 13245,   709,    1250000,     981318,        0,    -268682,          0
 13245,   710,    1250000,     998238,        0,    -251762,          0
 13245,   711,    1250000,     941143,        0,    -308857,          0
 13245,   712,    1250000,     958662,        0,    -291338,          0
 13245,   713,    1250000,     991117,        0,    -258883,          0
 13245,   714,    1250000,     990682,        0,    -259318,          0
 13245,   715,    1250000,     927159,        0,    -322841,          0
 13245,   716,    1250000,     944421,        0,    -305579,          0
 13245,   717,    1250000,     918953,        0,    -331047,          0
 13245,   718,    1250000,     922838,        0,    -327162,          0
 13245,   719,    1250000,     928699,        0,    -321301,          0
 13245,   720,    1250000,     906617,        0,    -343383,          0
 13245,   721,    1250000,     980107,        0,    -269893,          0
 13245,   722,    1250000,     928328,        0,    -321672,          0
 13245,   723,    1250000,     963525,        0,    -286475,          0
 13245,   724,    1250000,     993352,        0,    -256648,          0
 13245,   725,    1250000,     942926,        0,    -307074,          0
 13245,   726,    1250000,     949600,        0,    -300400,          0
 13245,   727,    1250000,     980040,        0,    -269960,          0
 13245,   728,    1250000,     933854,        0,    -316146,          0
 13245,   729,    1250000,    1006045,        0,    -243955,          0
 13245,   730,    1250000,     969661,        0,    -280339,          0
 13245,   731,    1250000,     930421,        0,    -319579,          0
 13245,   732,    1250000,     933869,        0,    -316131,          0
 13245,   733,    1250000,     954626,        0,    -295374,          0
 13245,   734,    1250000,    1011002,        0,    -238998,          0
 13245,   735,    1250000,     933271,        0,    -316729,          0
 13245,   736,    1250000,     919290,        0,    -330710,          0
 13245,   737,    1250000,     971504,        0,    -278496,          0
 13245,   738,    1250000,     915194,        0,    -334806,          0
 13245,   739,    1250000,     937158,        0,    -312842,          0
 13245,   740,    1250000,     943741,        0,    -306259,          0
 13245,   741,    1250000,     918649,        0,    -331351,          0
 13245,   742,    1250000,     960079,        0,    -289921,          0
 13245,   743,    1250000,     909627,        0,    -340373,          0
 13245,   744,    1250000,     935807,        0,    -314193,          0
 13245,   745,    1250000,     942976,        0,    -307024,          0
 13245,   746,    1250000,     959948,        0,    -290052,          0
 13245,   747,    1250000,     930051,        0,    -319949,          0
 13245,   748,    1250000,     933154,        0,    -316846,          0
 13245,   749,    1250000,     978871,        0,    -271129,          0
 13245,   750,    1250000,     923946,        0,    -326054,          0
 13245,   751,    1250000,     924004,        0,    -325996,          0
 13245,   752,    1250000,     933623,        0,    -316377,          0
 13245,   753,    1250000,     960340,        0,    -289660,          0
 13245,   754,    1250000,     961334,        0,    -288666,          0
 13245,   755,    1250000,     938862,        0,    -311138,          0
 13245,   756,    1250000,     954956,        0,    -295044,          0
 13245,   757,    1250000,     925338,        0,    -324662,          0
 13245,   758,    1250000,     973526,        0,    -276474,          0
 13245,   759,    1250000,     923661,        0,    -326339,          0
 13245,   760,    1250000,     908826,        0,    -341174,          0
 13245,   761,    1250000,     962766,        0,    -287234,          0
 13245,   762,    1250000,    1253085,        1,       3085,       3085
 13245,   763,    1250000,     874408,        0,    -375592,          0
 13245,   764,    1250000,     920258,        0,    -329742,          0
 13245,   765,    1250000,     935326,        0,    -314674,          0
 13245,   766,    1250000,     917485,        0,    -332515,          0
 13245,   767,    1250000,     973400,        0,    -276600,          0
 13245,   768,    1250000,     945109,        0,    -304891,          0
 13245,   769,    1250000,     955501,        0,    -294499,          0
 13245,   770,    1250000,     920845,        0,    -329155,          0
 13245,   771,    1250000,     916171,        0,    -333829,          0
 13245,   772,    1250000,     962493,        0,    -287507,          0
 13245,   773,    1250000,     978872,        0,    -271128,          0
 13245,   774,    1250000,     984850,        0,    -265150,          0
 13245,   775,    1250000,     935967,        0,    -314033,          0
 13245,   776,    1250000,     932108,        0,    -317892,          0
 13245,   777,    1250000,     950199,        0,    -299801,          0
 13245,   778,    1250000,     931797,        0,    -318203,          0
 13245,   779,    1250000,     929136,        0,    -320864,          0
 13245,   780,    1250000,     902178,        0,    -347822,          0
 13245,   781,    1250000,     919998,        0,    -330002,          0
 13245,   782,    1250000,    1034244,        0,    -215756,          0
 13245,   783,    1250000,     909605,        0,    -340395,          0
 13245,   784,    1250000,     945589,        0,    -304411,          0
 13245,   785,    1250000,     952996,        0,    -297004,          0
 13245,   786,    1250000,     976474,        0,    -273526,          0
 13245,   787,    1250000,     913838,        0,    -336162,          0
 13245,   788,    1250000,     953210,        0,    -296790,          0
 13245,   789,    1250000,     943691,        0,    -306309,          0
 13245,   790,    1250000,     913058,        0,    -336942,          0
 13245,   791,    1250000,     944174,        0,    -305826,          0
 13245,   792,    1250000,     951359,        0,    -298641,          0
 13245,   793,    1250000,     946603,        0,    -303397,          0
 13245,   794,    1250000,     973593,        0,    -276407,          0
 13245,   795,    1250000,     934456,        0,    -315544,          0
 13245,   796,    1250000,     963914,        0,    -286086,          0
 13245,   797,    1250000,    1081882,        0,    -168118,          0
 13245,   798,    1250000,     938920,        0,    -311080,          0
 13245,   799,    1250000,     950373,        0,    -299627,          0
 13245,   800,    1250000,    1027857,        0,    -222143,          0
 13245,   801,    1250000,     933543,        0,    -316457,          0
 13245,   802,    1250000,     925812,        0,    -324188,          0
 13245,   803,    1250000,     937477,        0,    -312523,          0
 13245,   804,    1250000,     938961,        0,    -311039,          0
