870 870 1
937 937 1
1113 1113 1
818 818 1
1213 1213 1
652 652 1
1838 1838 1
772 772 1
1686 1686 1
962 962 1
983 983 1
982 982 1
1807 1807 1
1579 1579 1
675 675 1
851 851 1
983 983 1
650 650 1
1052 1052 1
845 845 1
1036 1036 1
1068 1068 1
1073 1073 1
829 829 1
564 564 1
 
2690 2690 1
1633 1633 1
1980 1980 1
1763 1763 1
2507 2507 1
2923 2923 1
2574 2574 1
3093 3093 1
2262 2262 1
1654 1654 1
2190 2190 1
1773 1773 1
1186 1186 1
1387 1387 1
1088 1088 1
1390 1390 1
1586 1586 1
1784 1784 1
2419 2419 1
1890 1890 1
2274 2274 1
2057 2057 1
3743 3743 1
1711 1711 1
1636 1636 1
 
4167 4167 1
4195 4195 1
3405 3405 1
4181 4181 1
4137 4137 1
2546 2546 1
3287 3287 1
3619 3619 1
6006 6006 1
2491 2491 1
2780 2780 1
3366 3366 1
2961 2961 1
4752 4752 1
2294 2294 1
2282 2282 1
3566 3566 1
3746 3746 1
4871 4871 1
3693 3693 1
2979 2979 1
3037 3037 1
2577 2577 1
2543 2543 1
5232 5232 1
 
2842 2842 1
3402 3402 1
5167 5167 1
3551 3551 1
4255 4255 1
3055 3055 1
4937 4937 1
3726 3726 1
4250 4250 1
3490 3490 1
4680 4680 1
4640 4640 1
3826 3826 1
6209 6209 1
4096 4096 1
3513 3513 1
3584 3584 1
4727 4727 1
6231 6231 1
5719 5719 1
4031 4031 1
7821 7821 1
3869 3869 1
3625 3625 1
3659 3659 1
 
4515 4515 1
5139 5139 1
4135 4135 1
7240 7240 1
4899 4899 1
4264 4264 1
6040 6040 1
5937 5937 1
4754 4754 1
4215 4215 1
3723 3723 1
4318 4318 1
6602 6602 1
5680 5680 1
5273 5273 1
5456 5456 1
4976 4976 1
5241 5241 1
6239 6239 1
5202 5202 1
3990 3990 1
6057 6057 1
4990 4990 1
4621 4621 1
5073 5073 1
 
6072 6072 1
4542 4542 1
5381 5381 1
6838 6838 1
6321 6321 1
5383 5383 1
7832 7832 1
4460 4460 1
5670 5670 1
5915 5915 1
4360 4360 1
3859 3859 1
6379 6379 1
6283 6283 1
6982 6982 1
6093 6093 1
4970 4970 1
6163 6163 1
5357 5357 1
5036 5036 1
5313 5313 1
8716 8716 1
7034 7034 1
5445 5445 1
4733 4733 1
 
6840 6840 1
6382 6382 1
7276 7276 1
6423 6423 1
7695 7695 1
8607 8607 1
6878 6878 1
10795 10795 1
9391 9391 1
9866 9866 1
6926 6926 1
6443 6443 1
7434 7434 1
7365 7365 1
4741 4741 1
7148 7148 1
9424 9424 1
7480 7480 1
7764 7764 1
8449 8449 1
8144 8144 1
8536 8536 1
9560 9560 1
5634 5634 1
7782 7782 1
 
5931 5931 1
10922 10922 1
8988 8988 1
7409 7409 1
7265 7265 1
7117 7117 1
9033 9033 1
8948 8948 1
8947 8947 1
9923 9923 1
6325 6325 1
9957 9957 1
8249 8249 1
8767 8767 1
7239 7239 1
8079 8079 1
8464 8464 1
9637 9637 1
10597 10597 1
8963 8963 1
6885 6885 1
8143 8143 1
8610 8610 1
8956 8956 1
6493 6493 1
 
9947 9947 1
8588 8588 1
8348 8348 1
10195 10195 1
8996 8996 1
8250 8250 1
7682 7682 1
9929 9929 1
8142 8142 1
11219 11219 1
11534 11534 1
9775 9775 1
9224 9224 1
11509 11509 1
10018 10018 1
9616 9616 1
9379 9379 1
8990 8990 1
11295 11295 1
17107 17107 1
8542 8542 1
8488 8488 1
8728 8728 1
8532 8532 1
9411 9411 1
 
12994 12994 1
11316 11316 1
9427 9427 1
13175 13175 1
9435 9435 1
13565 13565 1
10741 10741 1
10837 10837 1
11942 11942 1
9565 9565 1
12584 12584 1
12969 12969 1
9119 9119 1
12362 12362 1
9009 9009 1
12735 12735 1
9656 9656 1
10721 10721 1
11132 11132 1
9994 9994 1
9661 9661 1
11889 11889 1
10368 10368 1
12839 12839 1
9041 9041 1
 
12228 12228 1
15951 15951 1
12337 12337 1
12213 12213 1
10955 10955 1
13708 13708 1
10421 10421 1
14549 14549 1
10371 10371 1
10937 10937 1
15149 15149 1
15120 15120 1
10274 10274 1
12967 12967 1
10971 10971 1
12807 12807 1
10978 10978 1
10869 10869 1
11902 11902 1
9226 9226 1
13254 13254 1
9656 9656 1
12719 12719 1
10319 10319 1
11539 11539 1
 
16154 16154 1
13786 13786 1
14919 14919 1
13442 13442 1
16688 16688 1
13942 13942 1
14351 14351 1
11926 11926 1
12207 12207 1
15292 15292 1
12808 12808 1
11960 11960 1
12788 12788 1
12825 12825 1
12536 12536 1
13278 13278 1
14773 14773 1
13287 13287 1
17486 17486 1
10349 10349 1
11250 11250 1
13379 13379 1
13489 13489 1
11842 11842 1
11749 11749 1
 
13767 13767 1
14023 14023 1
14339 14339 1
14355 14355 1
13710 13710 1
12334 12334 1
13445 13445 1
13466 13466 1
11600 11600 1
14161 14161 1
17702 17702 1
10119 10119 1
15090 15090 1
17250 17250 1
14507 14507 1
16543 16543 1
12519 12519 1
14550 14550 1
10659 10659 1
15147 15147 1
12938 12938 1
14464 14464 1
19145 19145 1
16006 16006 1
12910 12910 1
 
15595 15595 1
13899 13899 1
15712 15712 1
16829 16829 1
17740 17740 1
16240 16240 1
14963 14963 1
13477 13477 1
13573 13573 1
18877 18877 1
14430 14430 1
14881 14881 1
15778 15778 1
13733 13733 1
14157 14157 1
16829 16829 1
15879 15879 1
15795 15795 1
13655 13655 1
15997 15997 1
17197 17197 1
16328 16328 1
17738 17738 1
14376 14376 1
13560 13560 1
 
15529 15529 1
19362 19362 1
16974 16974 1
14859 14859 1
16010 16010 1
15508 15508 1
13930 13930 1
16558 16558 1
16321 16321 1
15020 15020 1
18056 18056 1
17292 17292 1
16686 16686 1
22118 22118 1
12885 12885 1
14416 14416 1
16292 16292 1
16374 16374 1
15876 15876 1
13370 13370 1
18561 18561 1
14245 14245 1
19069 19069 1
14986 14986 1
13179 13179 1
 
15670 15670 1
17109 17109 1
14895 14895 1
15906 15906 1
20521 20521 1
16742 16742 1
21568 21568 1
18862 18862 1
18196 18196 1
15151 15151 1
16813 16813 1
15462 15462 1
16473 16473 1
14931 14931 1
15295 15295 1
18439 18439 1
16892 16892 1
16054 16054 1
16311 16311 1
16681 16681 1
17963 17963 1
16787 16787 1
16378 16378 1
19271 19271 1
18903 18903 1
 
24599 24599 1
18951 18951 1
19523 19523 1
18295 18295 1
18553 18553 1
15925 15925 1
20362 20362 1
17024 17024 1
19348 19348 1
25229 25229 1
17281 17281 1
21715 21715 1
18538 18538 1
19721 19721 1
17415 17415 1
22973 22973 1
17774 17774 1
17142 17142 1
19110 19110 1
21590 21590 1
17247 17247 1
18532 18532 1
18784 18784 1
19004 19004 1
18680 18680 1
 
15739 15739 1
18510 18510 1
15936 15936 1
19960 19960 1
16395 16395 1
16991 16991 1
20914 20914 1
21120 21120 1
17623 17623 1
17617 17617 1
18694 18694 1
16558 16558 1
26626 26626 1
18152 18152 1
26974 26974 1
22553 22553 1
17843 17843 1
21683 21683 1
22391 22391 1
22748 22748 1
20706 20706 1
20906 20906 1
19901 19901 1
18431 18431 1
20246 20246 1
 
18973 18973 1
20578 20578 1
17129 17129 1
20460 20460 1
16274 16274 1
22630 22630 1
22423 22423 1
19871 19871 1
20907 20907 1
19633 19633 1
21240 21240 1
22303 22303 1
23412 23412 1
21291 21291 1
22489 22489 1
20502 20502 1
17939 17939 1
17377 17377 1
40044 40044 1
24656 24656 1
20120 20120 1
26498 26498 1
23389 23389 1
18207 18207 1
20811 20811 1
 
25771 25771 1
25874 25874 1
23344 23344 1
21285 21285 1
21505 21506 0
19233 19233 1
21359 21359 1
19207 19207 1
22825 22825 1
21909 21909 1
17897 17897 1
28567 28567 1
23534 23534 1
21557 21557 1
19295 19295 1
21350 21350 1
21023 21023 1
21951 21951 1
21697 21697 1
21281 21281 1
18355 18355 1
24118 24118 1
17172 17172 1
36892 36892 1
22508 22508 1
 
23905 23905 1
23987 23987 1
21903 21903 1
23158 23158 1
28821 28821 1
21290 21290 1
21795 21795 1
25913 25913 1
23755 23755 1
22423 22423 1
21375 21375 1
20310 20311 0
23688 23688 1
25266 25266 1
20966 20966 1
21749 21749 1
21321 21322 0
26526 26526 1
18039 18039 1
22504 22504 1
22500 22500 1
23815 23815 1
22054 22054 1
21385 21385 1
24496 24496 1
 
3873 19320 0
4328 19990 0
4673 25582 0
4067 22967 0
5297 29367 0
4643 27181 0
4351 26806 0
4388 27367 0
3943 23868 0
5043 29907 0
3921 20351 0
4614 24509 0
4128 22862 0
4357 25896 0
4230 22635 0
3923 21054 0
3836 20249 0
4043 21639 0
3955 21559 0
3897 27442 0
4214 24715 0
3390 19863 0
4219 21426 0
4319 25379 0
4023 25416 0
 
1515 17943 0
1485 17923 0
1770 18542 0
1941 20543 0
2892 30553 0
1894 20684 0
1836 20182 0
1901 20995 0
1708 21088 0
1674 18315 0
2048 22718 0
1776 21671 0
1650 19124 0
1946 19703 0
2048 19867 0
1786 20953 0
1751 19344 0
1911 19740 0
1642 19948 0
1747 19016 0
1611 18921 0
2008 22558 0
1688 19764 0
1526 16936 0
1876 19968 0
 
===
