869 869 1
934 934 1
1114 1114 1
814 814 1
1209 1209 1
650 650 1
1838 1838 1
778 778 1
1684 1684 1
959 959 1
983 983 1
984 984 1
1806 1806 1
1580 1580 1
675 675 1
849 849 1
983 983 1
650 650 1
1059 1059 1
846 846 1
1037 1037 1
1068 1068 1
1069 1069 1
830 830 1
565 565 1
 
2686 2686 1
1631 1631 1
1973 1973 1
1768 1768 1
2517 2517 1
2913 2913 1
2610 2610 1
3092 3092 1
2268 2268 1
1652 1652 1
2188 2188 1
1782 1782 1
1182 1182 1
1376 1376 1
1085 1085 1
1385 1385 1
1586 1586 1
1791 1791 1
2421 2421 1
1898 1898 1
2274 2274 1
2055 2055 1
3744 3744 1
1715 1715 1
1634 1634 1
 
4170 4170 1
4186 4186 1
3453 3453 1
4184 4184 1
4129 4129 1
2550 2550 1
3258 3258 1
3626 3626 1
5971 5971 1
2499 2499 1
2773 2773 1
3354 3354 1
2944 2944 1
4742 4742 1
2296 2296 1
2285 2285 1
3563 3563 1
3746 3746 1
4875 4875 1
3704 3704 1
2980 2980 1
3036 3036 1
2576 2576 1
2545 2545 1
5231 5231 1
 
2841 2841 1
3402 3402 1
5166 5166 1
3551 3551 1
4252 4252 1
3056 3056 1
4938 4938 1
3726 3726 1
4256 4256 1
3487 3487 1
4685 4685 1
4590 4590 1
3825 3825 1
6210 6210 1
4100 4100 1
3519 3519 1
3582 3582 1
4778 4778 1
6156 6156 1
5719 5719 1
4036 4036 1
7827 7827 1
3876 3876 1
3623 3623 1
3657 3657 1
 
4517 4517 1
5138 5138 1
4135 4135 1
7223 7223 1
4908 4908 1
4267 4267 1
5943 5943 1
5939 5939 1
4752 4752 1
4213 4213 1
3722 3722 1
4312 4312 1
6598 6598 1
5683 5683 1
5276 5276 1
5456 5456 1
4970 4970 1
5161 5161 1
6242 6242 1
5205 5205 1
3996 3996 1
6058 6058 1
4996 4996 1
4615 4615 1
5071 5071 1
 
6064 6064 1
4536 4536 1
5381 5381 1
6833 6833 1
6324 6324 1
5381 5381 1
7837 7837 1
4457 4457 1
5673 5673 1
5961 5961 1
4358 4358 1
3857 3857 1
6383 6383 1
6280 6280 1
6986 6986 1
6091 6091 1
4968 4968 1
6157 6157 1
5363 5363 1
5034 5034 1
6785 6785 1
9079 9079 1
6868 6868 1
5458 5458 1
4611 4611 1
 
6859 6859 1
6689 6689 1
7636 7636 1
6350 6350 1
7566 7566 1
8505 8505 1
6847 6847 1
10947 10947 1
9375 9375 1
9895 9895 1
6928 6928 1
6494 6494 1
6890 6890 1
7421 7421 1
4726 4726 1
7153 7153 1
9415 9415 1
6896 6896 1
7788 7788 1
8264 8264 1
8153 8153 1
8557 8557 1
9569 9569 1
5630 5630 1
7791 7791 1
 
5935 5935 1
10923 10923 1
8989 8989 1
7414 7414 1
7264 7264 1
7198 7198 1
9051 9051 1
9017 9017 1
8875 8875 1
9914 9914 1
6326 6326 1
9958 9958 1
8237 8237 1
8776 8776 1
7769 7769 1
8103 8103 1
8476 8476 1
9645 9645 1
10604 10604 1
8969 8969 1
6888 6888 1
8144 8144 1
8605 8605 1
9053 9053 1
6503 6503 1
 
9912 9912 1
8597 8597 1
8337 8337 1
10201 10201 1
8999 8999 1
8244 8244 1
7690 7690 1
9923 9923 1
8140 8140 1
11192 11192 1
11542 11542 1
9783 9783 1
9224 9224 1
11515 11515 1
10017 10017 1
9625 9625 1
9342 9342 1
8991 8991 1
16701 16701 1
11054 11054 1
9324 9324 1
8530 8530 1
8730 8730 1
8541 8541 1
9146 9146 1
 
13458 13458 1
11436 11436 1
9425 9425 1
13138 13138 1
9477 9477 1
13857 13857 1
10036 10036 1
10837 10837 1
11892 11892 1
9593 9593 1
12598 12598 1
12731 12731 1
9123 9123 1
12385 12385 1
9033 9033 1
12730 12730 1
9655 9655 1
10722 10722 1
11025 11025 1
9999 9999 1
9678 9678 1
11929 11929 1
10391 10391 1
12858 12858 1
9042 9042 1
 
12203 12203 1
15950 15950 1
12320 12320 1
12167 12167 1
10960 10960 1
13749 13749 1
10424 10424 1
14620 14620 1
10259 10259 1
10922 10922 1
15172 15172 1
15122 15122 1
10300 10300 1
12966 12966 1
10981 10981 1
12416 12416 1
10979 10979 1
10862 10862 1
12285 12285 1
9228 9228 1
13255 13255 1
9641 9641 1
12731 12731 1
10318 10318 1
11548 11548 1
 
16270 16270 1
13812 13812 1
14683 14683 1
13022 13022 1
16676 16676 1
14111 14111 1
13875 13875 1
11989 11989 1
12166 12166 1
15193 15193 1
12597 12597 1
11905 11905 1
12819 12819 1
12987 12987 1
10783 10783 1
13329 13329 1
14784 14784 1
13309 13309 1
18918 18918 1
10369 10369 1
11140 11140 1
13416 13416 1
13404 13404 1
11213 11213 1
11746 11747 0
 
13821 13821 1
14035 14035 1
14353 14353 1
14352 14352 1
13711 13711 1
12332 12332 1
13453 13453 1
13501 13501 1
11584 11584 1
14148 14148 1
17716 17716 1
10139 10139 1
15110 15111 0
17266 17266 1
14513 14513 1
16515 16515 1
12540 12540 1
14542 14542 1
10660 10660 1
15143 15143 1
12936 12936 1
14471 14471 1
16149 16149 1
16401 16401 1
12431 12431 1
 
15788 15788 1
13905 13905 1
15737 15737 1
16322 16322 1
17939 17939 1
16282 16282 1
15050 15050 1
13482 13482 1
13709 13709 1
18803 18803 1
14467 14467 1
15008 15008 1
15637 15637 1
13725 13725 1
14196 14196 1
16927 16927 1
15891 15891 1
15784 15784 1
13648 13648 1
15995 15995 1
17218 17218 1
16324 16324 1
17751 17751 1
14385 14385 1
13583 13583 1
 
15497 15497 1
19348 19348 1
16976 16976 1
15242 15242 1
15995 15996 0
15512 15512 1
13935 13935 1
16583 16583 1
16338 16338 1
14981 14981 1
18066 18066 1
17286 17286 1
16673 16674 0
27787 27787 1
12900 12900 1
14445 14445 1
19376 19376 1
16391 16391 1
15907 15907 1
13302 13302 1
18689 18689 1
14243 14243 1
19098 19098 1
14893 14893 1
13178 13178 1
 
15501 15501 1
17878 17878 1
14911 14911 1
15933 15933 1
20424 20424 1
16554 16554 1
21573 21573 1
18874 18874 1
18187 18187 1
15108 15108 1
16772 16772 1
15456 15456 1
16422 16422 1
14940 14940 1
15291 15291 1
18438 18438 1
16895 16895 1
16066 16066 1
16342 16343 0
16692 16692 1
17955 17955 1
16798 16798 1
16761 16762 0
19263 19265 0
18909 18909 1
 
24598 24599 0
33053 33053 1
19443 19443 1
15606 15606 1
18454 18454 1
15942 15943 0
20322 20322 1
16944 16944 1
16889 16890 0
22698 22698 1
17294 17294 1
21982 21982 1
17905 17905 1
19709 19709 1
17299 17300 0
22979 22979 1
17796 17796 1
17157 17158 0
19117 19117 1
21657 21657 1
17310 17310 1
18610 18610 1
18811 18811 1
18996 18996 1
18221 18221 1
 
15731 15731 1
18522 18523 0
15959 15959 1
20006 20006 1
16415 16415 1
17328 17328 1
20911 20912 0
21423 21423 1
17613 17613 1
17606 17606 1
18681 18681 1
16558 16558 1
20579 20579 1
18050 18051 0
23216 23218 0
22449 22449 1
17829 17830 0
21580 21580 1
22328 22328 1
22688 22688 1
20729 20730 0
21011 21011 1
19919 19919 1
18404 18404 1
20137 20137 1
 
18917 18917 1
20561 20561 1
17127 17127 1
20475 20476 0
16232 16232 1
22612 22612 1
19334 19334 1
19837 19837 1
20859 20860 0
19634 19634 1
21232 21232 1
22306 22306 1
23380 23382 0
21283 21283 1
22147 22147 1
23005 23005 1
18582 18582 1
17376 17376 1
43651 43651 1
26589 26589 1
20104 20105 0
24742 24742 1
25344 25345 0
20325 20325 1
20838 20839 0
 
28149 28150 0
23500 23502 0
23366 23366 1
21179 21180 0
21500 21501 0
19240 19242 0
21316 21316 1
19193 19197 0
22810 22810 1
21914 21914 1
17930 17930 1
25865 25870 0
23054 23054 1
21561 21561 1
19290 19290 1
21312 21314 0
21021 21022 0
21915 21915 1
21698 21698 1
21259 21259 1
18372 18372 1
24101 24103 0
17173 17174 0
40508 40508 1
22550 22550 1
 
23851 23852 0
24137 24141 0
21970 21972 0
23137 23140 0
28847 28852 0
20936 20937 0
21806 21806 1
25910 25911 0
23776 23781 0
22394 22402 0
21378 21378 1
20310 20311 0
23691 23691 1
25207 25213 0
20943 20943 1
21817 21817 1
21287 21287 1
26516 26527 0
18047 18047 1
22447 22448 0
22459 22459 1
23819 23821 0
22047 22047 1
21367 21369 0
24457 24459 0
 
2539 18536 0
2520 19352 0
2945 23637 0
2678 22679 0
3126 28933 0
2475 24664 0
3062 24789 0
3041 25361 0
2658 22706 0
3091 26481 0
2500 19474 0
3107 24205 0
2464 21286 0
2711 23984 0
2598 21009 0
2438 20392 0
2452 19313 0
2590 20802 0
2391 20441 0
2895 24855 0
2760 22875 0
2247 19459 0
2732 20925 0
2776 23081 0
2482 24415 0
 
1277 16359 0
1360 16734 0
1503 17145 0
1714 18402 0
1721 23767 0
1678 18818 0
1407 18349 0
1613 19427 0
1536 19227 0
1463 16949 0
1814 20853 0
1444 19853 0
1409 17870 0
1522 17589 0
1633 18227 0
1549 19351 0
1462 17433 0
1621 18741 0
1309 17825 0
1392 17668 0
1267 17403 0
1461 19850 0
1410 18447 0
1285 15512 0
1422 18296 0
 
===
