273 273 1
457 457 1
109 109 1
503 503 1
387 387 1
122 122 1
161 161 1
207 207 1
123 123 1
123 123 1
136 136 1
373 373 1
188 188 1
451 451 1
669 669 1
336 336 1
306 306 1
112 112 1
220 220 1
184 184 1
772 772 1
278 278 1
912 912 1
360 360 1
634 634 1
 
538 538 1
350 350 1
247 247 1
382 382 1
733 733 1
1175 1175 1
499 499 1
264 264 1
285 285 1
226 226 1
459 459 1
227 227 1
1447 1447 1
617 617 1
1256 1256 1
411 411 1
560 560 1
649 649 1
1367 1367 1
272 272 1
213 213 1
445 445 1
291 291 1
757 757 1
350 350 1
 
935 935 1
420 420 1
577 577 1
508 508 1
611 611 1
409 409 1
1308 1308 1
721 721 1
546 546 1
557 557 1
473 473 1
638 638 1
881 881 1
514 514 1
381 381 1
288 288 1
535 535 1
620 620 1
1278 1278 1
402 402 1
384 384 1
1195 1195 1
293 293 1
765 765 1
1628 1628 1
 
1370 1370 1
565 565 1
529 529 1
569 569 1
625 625 1
1657 1657 1
1303 1303 1
706 706 1
887 887 1
653 653 1
970 970 1
1749 1749 1
609 609 1
1394 1394 1
452 452 1
819 819 1
419 419 1
619 619 1
800 800 1
1220 1220 1
817 817 1
1060 1060 1
958 958 1
1717 1717 1
850 850 1
 
693 693 1
2546 2546 1
1119 1119 1
770 770 1
981 981 1
515 515 1
1826 1826 1
1010 1010 1
1884 1884 1
1311 1311 1
2445 2445 1
1084 1084 1
2059 2059 1
877 877 1
1987 1987 1
1168 1168 1
1480 1480 1
1006 1006 1
719 719 1
866 866 1
1266 1266 1
792 792 1
1104 1104 1
1010 1010 1
1850 1850 1
 
1140 1140 1
1680 1680 1
1215 1215 1
559 559 1
1581 1581 1
2090 2090 1
1125 1125 1
1660 1660 1
1258 1258 1
1814 1814 1
1264 1264 1
839 839 1
962 962 1
2248 2248 1
1424 1424 1
894 894 1
1322 1322 1
623 623 1
1310 1310 1
1286 1286 1
906 906 1
1259 1259 1
1121 1121 1
1368 1368 1
1445 1445 1
 
756 756 1
1267 1267 1
1997 1997 1
1746 1746 1
1236 1236 1
1517 1517 1
1975 1975 1
2109 2109 1
1109 1109 1
2012 2012 1
2680 2680 1
833 833 1
1553 1553 1
1748 1748 1
1109 1109 1
3052 3052 1
2122 2122 1
1465 1465 1
2011 2011 1
1953 1953 1
2620 2620 1
1823 1823 1
1137 1137 1
1450 1450 1
1864 1864 1
 
1398 1398 1
2354 2354 1
3315 3316 0
1832 1832 1
1515 1515 1
2244 2244 1
2219 2219 1
1805 1805 1
895 895 1
1681 1681 1
1238 1238 1
3047 3047 1
2158 2158 1
2181 2181 1
1691 1691 1
2085 2085 1
2523 2523 1
1264 1264 1
2306 2306 1
1002 1002 1
1570 1570 1
2462 2462 1
1172 1172 1
1500 1500 1
1767 1767 1
 
1366 1366 1
1764 1764 1
1337 1337 1
2603 2603 1
2270 2270 1
1879 1879 1
1573 1573 1
1313 1313 1
1910 1910 1
2682 2682 1
1684 1684 1
2323 2323 1
1703 1703 1
1408 1408 1
1404 1404 1
2249 2249 1
1642 1642 1
2500 2500 1
1904 1904 1
2068 2068 1
1895 1895 1
2861 2864 0
1365 1365 1
2242 2242 1
3126 3126 1
 
1898 1898 1
2051 2051 1
2638 2638 1
2367 2369 0
2843 2843 1
1727 1727 1
2228 2228 1
2523 2523 1
3147 3147 1
2662 2662 1
1894 1894 1
2754 2754 1
3589 3589 1
2585 2585 1
2548 2548 1
2686 2686 1
2028 2028 1
2776 2776 1
3450 3450 1
2284 2284 1
1753 1753 1
1638 1638 1
1841 1841 1
2366 2366 1
2232 2232 1
 
3027 3027 1
1394 1394 1
3880 3880 1
3655 3655 1
1613 1613 1
2262 2262 1
2289 2289 1
2376 2376 1
2542 2542 1
2397 2397 1
1700 1700 1
1927 1927 1
2564 2564 1
2633 2633 1
2341 2341 1
1812 1812 1
2127 2127 1
1819 1819 1
1970 1970 1
1178 1178 1
1737 1737 1
1716 1716 1
2201 2201 1
1937 1937 1
2152 2152 1
 
1768 1768 1
5071 5071 1
3052 3052 1
2016 2016 1
3256 3256 1
2202 2202 1
4488 4495 0
3046 3046 1
4008 4011 0
2113 2113 1
1700 1700 1
2482 2482 1
2550 2550 1
2241 2241 1
2119 2119 1
4329 4329 1
2955 2955 1
2194 2194 1
3632 3632 1
3947 3947 1
2392 2392 1
2119 2119 1
1749 1749 1
1480 1480 1
1878 1878 1
 
2896 2896 1
1481 1481 1
3319 3319 1
2718 2719 0
2716 2716 1
2254 2254 1
2270 2270 1
2148 2148 1
2999 2999 1
3227 3227 1
2811 2811 1
2438 2438 1
2782 2782 1
3153 3153 1
2156 2156 1
2380 2380 1
1907 1907 1
2900 2900 1
1485 1485 1
2548 2548 1
2610 2610 1
2371 2371 1
2908 2908 1
3040 3040 1
1836 1836 1
 
2699 2699 1
2672 2672 1
2701 2701 1
2361 2361 1
3139 3139 1
2731 2731 1
3736 3736 1
3468 3468 1
2951 2951 1
3688 3688 1
3238 3238 1
4441 4441 1
2574 2574 1
3713 3713 1
2621 2621 1
3778 3778 1
1951 1951 1
2645 2645 1
3518 3518 1
2429 2429 1
2612 2612 1
2935 2935 1
3767 3773 0
3139 3139 1
2492 2492 1
 
2739 2739 1
3057 3057 1
5439 5439 1
1875 1875 1
2993 2993 1
3332 3332 1
3784 3784 1
4698 4700 0
2663 2663 1
4006 4006 1
3263 3263 1
2571 2571 1
2696 2696 1
3753 3754 0
3611 3611 1
2644 2644 1
3399 3400 0
2702 2702 1
2758 2759 0
4110 4110 1
2810 2811 0
4003 4008 0
2998 2998 1
2933 2933 1
3076 3076 1
 
3715 3717 0
2918 2919 0
3390 3390 1
3454 3454 1
1854 1854 1
2737 2737 1
2846 2846 1
3080 3080 1
5172 5172 1
4386 4386 1
3902 3906 0
4063 4064 0
3627 3627 1
3689 3689 1
2866 2866 1
3784 3784 1
3937 3937 1
4225 4225 1
2680 2680 1
3756 3756 1
3847 3847 1
3800 3800 1
2113 2113 1
2991 2991 1
4956 4956 1
 
2682 2682 1
3893 3896 0
5969 5970 0
2627 2628 0
2663 2665 0
3801 3813 0
3558 3559 0
3122 3122 1
3484 3484 1
3259 3259 1
3014 3015 0
5222 5228 0
4672 4676 0
3277 3280 0
3673 3673 1
4441 4442 0
3320 3320 1
3075 3075 1
5730 5730 1
3412 3415 0
3472 3473 0
3549 3549 1
3170 3170 1
2832 2832 1
2501 2501 1
 
3413 3413 1
2766 2766 1
3259 3259 1
5243 5244 0
4406 4427 0
3852 3859 0
2661 2662 0
3824 3824 1
3401 3401 1
3614 3614 1
3101 3101 1
3006 3006 1
3890 3898 0
3229 3248 0
4133 4138 0
3500 3500 1
3676 3676 1
3527 3527 1
3029 3029 1
3801 3801 1
3550 3550 1
3551 3551 1
3777 3777 1
5463 5493 0
4248 4249 0
 
3949 3952 0
3330 3331 0
3341 3346 0
2739 2739 1
3758 3758 1
6286 6286 1
4285 4300 0
3484 3484 1
3888 3891 0
4800 4801 0
3060 3068 0
3146 3146 1
4601 4602 0
5253 5277 0
5372 5396 0
4562 4593 0
3645 3645 1
5773 5773 1
4019 4019 1
3977 3979 0
4146 4148 0
3886 3887 0
4682 4687 0
4518 4519 0
3466 3467 0
 
4327 4409 0
3864 3873 0
3585 3588 0
3438 3440 0
4877 4878 0
4506 4566 0
5899 5929 0
4837 4837 1
3015 3021 0
4015 4152 0
4727 4747 0
4263 4296 0
3838 3841 0
4622 4645 0
3484 3484 1
4597 4600 0
4350 4398 0
4929 4966 0
5303 5303 1
4174 4178 0
5698 5702 0
4117 4157 0
4095 4098 0
4731 4775 0
5041 5125 0
 
4028 4070 0
3879 3907 0
3451 3549 0
5256 5367 0
3230 3327 0
3642 3700 0
3245 3288 0
3751 3807 0
5822 5952 0
4102 4107 0
4323 4397 0
4362 4494 0
4248 4370 0
3898 3953 0
3654 3684 0
4438 4501 0
4413 4481 0
4633 4735 0
5790 5904 0
4524 4636 0
3241 3266 0
4433 4476 0
4010 4105 0
3933 4002 0
4613 4675 0
 
498 5743 0
563 5483 0
344 4713 0
398 4659 0
418 4213 0
375 4687 0
526 4940 0
494 4478 0
385 3724 0
551 4869 0
524 5191 0
349 3348 0
432 4633 0
447 4760 0
508 6109 0
421 5116 0
431 5004 0
360 3741 0
387 3702 0
516 4782 0
450 4460 0
369 4026 0
506 4734 0
519 6271 0
321 4030 0
 
248 3453 0
264 3818 0
193 3474 0
141 3330 0
287 4099 0
228 3604 0
195 2909 0
240 3519 0
261 4604 0
266 3331 0
328 4340 0
265 4163 0
240 4100 0
213 3752 0
225 3511 0
243 3555 0
234 3691 0
170 3187 0
265 3588 0
218 3233 0
211 3702 0
281 3920 0
311 3479 0
226 3707 0
238 4020 0
 
===
