# Task,   Job,     Period,   Response, DL Miss?,   Lateness,  Tardiness
# task NAME=myapp PID=12095 COST=1000000 PERIOD=1250000 CPU=0
 12095,     2,    1250000,      12189,        0,   -1237811,          0
 12095,     3,    1250000,      74576,        0,   -1175424,          0
 12095,     4,    1250000,     959484,        0,    -290516,          0
 12095,     5,    1250000,     978631,        0,    -271369,          0
 12095,     6,    1250000,     966508,        0,    -283492,          0
 12095,     7,    1250000,     956071,        0,    -293929,          0
 12095,     8,    1250000,     922550,        0,    -327450,          0
 12095,     9,    1250000,     992750,        0,    -257250,          0
 12095,    10,    1250000,     938325,        0,    -311675,          0
 12095,    11,    1250000,     915340,        0,    -334660,          0
 12095,    12,    1250000,     958031,        0,    -291969,          0
 12095,    13,    1250000,     973836,        0,    -276164,          0
 12095,    14,    1250000,     961950,        0,    -288050,          0
 12095,    15,    1250000,     909814,        0,    -340186,          0
 12095,    16,    1250000,     958203,        0,    -291797,          0
 12095,    17,    1250000,    1030013,        0,    -219987,          0
 12095,    18,    1250000,     985551,        0,    -264449,          0
 12095,    19,    1250000,     904055,        0,    -345945,          0
 12095,    20,    1250000,     935747,        0,    -314253,          0
 12095,    21,    1250000,     959781,        0,    -290219,          0
 12095,    22,    1250000,     973746,        0,    -276254,          0
 12095,    23,    1250000,     954380,        0,    -295620,          0
 12095,    24,    1250000,     938282,        0,    -311718,          0
 12095,    25,    1250000,     936263,        0,    -313737,          0
 12095,    26,    1250000,     933470,        0,    -316530,          0
 12095,    27,    1250000,     917049,        0,    -332951,          0
 12095,    28,    1250000,     935332,        0,    -314668,          0
 12095,    29,    1250000,     951422,        0,    -298578,          0
 12095,    30,    1250000,     931396,        0,    -318604,          0
 12095,    31,    1250000,     908111,        0,    -341889,          0
 12095,    32,    1250000,     949439,        0,    -300561,          0
 12095,    33,    1250000,     961830,        0,    -288170,          0
 12095,    34,    1250000,     999058,        0,    -250942,          0
 12095,    35,    1250000,     930337,        0,    -319663,          0
 12095,    36,    1250000,    1014374,        0,    -235626,          0
 12095,    37,    1250000,     940711,        0,    -309289,          0
 12095,    38,    1250000,     964642,        0,    -285358,          0
 12095,    39,    1250000,     913109,        0,    -336891,          0
 12095,    40,    1250000,     960800,        0,    -289200,          0
 12095,    41,    1250000,     944652,        0,    -305348,          0
 12095,    42,    1250000,     924279,        0,    -325721,          0
 12095,    43,    1250000,     957249,        0,    -292751,          0
 12095,    44,    1250000,     944713,        0,    -305287,          0
 12095,    45,    1250000,     946960,        0,    -303040,          0
 12095,    46,    1250000,     923025,        0,    -326975,          0
 12095,    47,    1250000,     930531,        0,    -319469,          0
 12095,    48,    1250000,     913939,        0,    -336061,          0
 12095,    49,    1250000,     996251,        0,    -253749,          0
 12095,    50,    1250000,     991349,        0,    -258651,          0
 12095,    51,    1250000,     995306,        0,    -254694,          0
 12095,    52,    1250000,     929171,        0,    -320829,          0
 12095,    53,    1250000,     930814,        0,    -319186,          0
 12095,    54,    1250000,     942614,        0,    -307386,          0
 12095,    55,    1250000,     905871,        0,    -344129,          0
 12095,    56,    1250000,     948387,        0,    -301613,          0
 12095,    57,    1250000,     951982,        0,    -298018,          0
 12095,    58,    1250000,     987051,        0,    -262949,          0
 12095,    59,    1250000,     900525,        0,    -349475,          0
 12095,    60,    1250000,     958799,        0,    -291201,          0
 12095,    61,    1250000,     918090,        0,    -331910,          0
 12095,    62,    1250000,     936853,        0,    -313147,          0
 12095,    63,    1250000,     941425,        0,    -308575,          0
 12095,    64,    1250000,     917773,        0,    -332227,          0
 12095,    65,    1250000,     917548,        0,    -332452,          0
 12095,    66,    1250000,     969341,        0,    -280659,          0
 12095,    67,    1250000,     935719,        0,    -314281,          0
 12095,    68,    1250000,     960394,        0,    -289606,          0
 12095,    69,    1250000,     921381,        0,    -328619,          0
 12095,    70,    1250000,     934586,        0,    -315414,          0
 12095,    71,    1250000,     940736,        0,    -309264,          0
 12095,    72,    1250000,    1021899,        0,    -228101,          0
 12095,    73,    1250000,     928407,        0,    -321593,          0
 12095,    74,    1250000,     954911,        0,    -295089,          0
 12095,    75,    1250000,     937698,        0,    -312302,          0
 12095,    76,    1250000,     954538,        0,    -295462,          0
 12095,    77,    1250000,    1094775,        0,    -155225,          0
 12095,    78,    1250000,     963274,        0,    -286726,          0
 12095,    79,    1250000,     940055,        0,    -309945,          0
 12095,    80,    1250000,     963765,        0,    -286235,          0
 12095,    81,    1250000,     934618,        0,    -315382,          0
 12095,    82,    1250000,     930305,        0,    -319695,          0
 12095,    83,    1250000,     927863,        0,    -322137,          0
 12095,    84,    1250000,     901390,        0,    -348610,          0
 12095,    85,    1250000,     989000,        0,    -261000,          0
 12095,    86,    1250000,    1028267,        0,    -221733,          0
 12095,    87,    1250000,     910786,        0,    -339214,          0
 12095,    88,    1250000,     930075,        0,    -319925,          0
 12095,    89,    1250000,     918121,        0,    -331879,          0
 12095,    90,    1250000,     911695,        0,    -338305,          0
 12095,    91,    1250000,     917439,        0,    -332561,          0
 12095,    92,    1250000,     926466,        0,    -323534,          0
 12095,    93,    1250000,     943783,        0,    -306217,          0
 12095,    94,    1250000,     987278,        0,    -262722,          0
 12095,    95,    1250000,     908296,        0,    -341704,          0
 12095,    96,    1250000,     948666,        0,    -301334,          0
 12095,    97,    1250000,     956196,        0,    -293804,          0
 12095,    98,    1250000,     947545,        0,    -302455,          0
 12095,    99,    1250000,     941917,        0,    -308083,          0
 12095,   100,    1250000,     942398,        0,    -307602,          0
 12095,   101,    1250000,     910454,        0,    -339546,          0
 12095,   102,    1250000,     926318,        0,    -323682,          0
 12095,   103,    1250000,    1009952,        0,    -240048,          0
 12095,   104,    1250000,     975218,        0,    -274782,          0
 12095,   105,    1250000,     922023,        0,    -327977,          0
 12095,   106,    1250000,     995409,        0,    -254591,          0
 12095,   107,    1250000,     937441,        0,    -312559,          0
 12095,   108,    1250000,     942974,        0,    -307026,          0
 12095,   109,    1250000,     994833,        0,    -255167,          0
 12095,   110,    1250000,     959523,        0,    -290477,          0
 12095,   111,    1250000,     916511,        0,    -333489,          0
 12095,   112,    1250000,     943146,        0,    -306854,          0
 12095,   113,    1250000,     951694,        0,    -298306,          0
 12095,   114,    1250000,     928090,        0,    -321910,          0
 12095,   115,    1250000,     941323,        0,    -308677,          0
 12095,   116,    1250000,     946417,        0,    -303583,          0
 12095,   117,    1250000,     972827,        0,    -277173,          0
 12095,   118,    1250000,     935773,        0,    -314227,          0
 12095,   119,    1250000,     961239,        0,    -288761,          0
 12095,   120,    1250000,     956694,        0,    -293306,          0
 12095,   121,    1250000,     951079,        0,    -298921,          0
 12095,   122,    1250000,    1006807,        0,    -243193,          0
 12095,   123,    1250000,     942614,        0,    -307386,          0
 12095,   124,    1250000,     935403,        0,    -314597,          0
 12095,   125,    1250000,     988952,        0,    -261048,          0
 12095,   126,    1250000,     942624,        0,    -307376,          0
 12095,   127,    1250000,     910423,        0,    -339577,          0
 12095,   128,    1250000,     931755,        0,    -318245,          0
 12095,   129,    1250000,     959471,        0,    -290529,          0
 12095,   130,    1250000,    1031913,        0,    -218087,          0
 12095,   131,    1250000,     948755,        0,    -301245,          0
 12095,   132,    1250000,     928134,        0,    -321866,          0
 12095,   133,    1250000,    1020997,        0,    -229003,          0
 12095,   134,    1250000,     936105,        0,    -313895,          0
 12095,   135,    1250000,     930782,        0,    -319218,          0
 12095,   136,    1250000,     922895,        0,    -327105,          0
 12095,   137,    1250000,     947792,        0,    -302208,          0
 12095,   138,    1250000,     924791,        0,    -325209,          0
 12095,   139,    1250000,     932140,        0,    -317860,          0
 12095,   140,    1250000,     943471,        0,    -306529,          0
 12095,   141,    1250000,     921837,        0,    -328163,          0
 12095,   142,    1250000,     918517,        0,    -331483,          0
 12095,   143,    1250000,     906432,        0,    -343568,          0
 12095,   144,    1250000,     958327,        0,    -291673,          0
 12095,   145,    1250000,     947967,        0,    -302033,          0
 12095,   146,    1250000,     938065,        0,    -311935,          0
 12095,   147,    1250000,     981618,        0,    -268382,          0
 12095,   148,    1250000,     917674,        0,    -332326,          0
 12095,   149,    1250000,     921401,        0,    -328599,          0
 12095,   150,    1250000,     929608,        0,    -320392,          0
 12095,   151,    1250000,     941943,        0,    -308057,          0
 12095,   152,    1250000,     912122,        0,    -337878,          0
 12095,   153,    1250000,     985073,        0,    -264927,          0
 12095,   154,    1250000,     932472,        0,    -317528,          0
 12095,   155,    1250000,     925585,        0,    -324415,          0
 12095,   156,    1250000,     936369,        0,    -313631,          0
 12095,   157,    1250000,     966554,        0,    -283446,          0
 12095,   158,    1250000,     933552,        0,    -316448,          0
 12095,   159,    1250000,     910210,        0,    -339790,          0
 12095,   160,    1250000,     945377,        0,    -304623,          0
 12095,   161,    1250000,     959415,        0,    -290585,          0
 12095,   162,    1250000,     979691,        0,    -270309,          0
 12095,   163,    1250000,     911107,        0,    -338893,          0
 12095,   164,    1250000,     928571,        0,    -321429,          0
 12095,   165,    1250000,     970081,        0,    -279919,          0
 12095,   166,    1250000,     950414,        0,    -299586,          0
 12095,   167,    1250000,     955785,        0,    -294215,          0
 12095,   168,    1250000,     955151,        0,    -294849,          0
 12095,   169,    1250000,     930873,        0,    -319127,          0
 12095,   170,    1250000,     918880,        0,    -331120,          0
 12095,   171,    1250000,     962983,        0,    -287017,          0
 12095,   172,    1250000,     974995,        0,    -275005,          0
 12095,   173,    1250000,     965695,        0,    -284305,          0
 12095,   174,    1250000,     952044,        0,    -297956,          0
 12095,   175,    1250000,     900616,        0,    -349384,          0
 12095,   176,    1250000,     917825,        0,    -332175,          0
 12095,   177,    1250000,     976466,        0,    -273534,          0
 12095,   178,    1250000,     945153,        0,    -304847,          0
 12095,   179,    1250000,     922704,        0,    -327296,          0
 12095,   180,    1250000,     924634,        0,    -325366,          0
 12095,   181,    1250000,     948344,        0,    -301656,          0
 12095,   182,    1250000,     956113,        0,    -293887,          0
 12095,   183,    1250000,     903868,        0,    -346132,          0
 12095,   184,    1250000,     941832,        0,    -308168,          0
 12095,   185,    1250000,     924755,        0,    -325245,          0
 12095,   186,    1250000,    1048541,        0,    -201459,          0
 12095,   187,    1250000,     953830,        0,    -296170,          0
 12095,   188,    1250000,     944942,        0,    -305058,          0
 12095,   189,    1250000,     927541,        0,    -322459,          0
 12095,   190,    1250000,    1005386,        0,    -244614,          0
 12095,   191,    1250000,     949352,        0,    -300648,          0
 12095,   192,    1250000,     917434,        0,    -332566,          0
 12095,   193,    1250000,     943314,        0,    -306686,          0
 12095,   194,    1250000,     993082,        0,    -256918,          0
 12095,   195,    1250000,     915357,        0,    -334643,          0
 12095,   196,    1250000,     946531,        0,    -303469,          0
 12095,   197,    1250000,     939247,        0,    -310753,          0
 12095,   198,    1250000,     946735,        0,    -303265,          0
 12095,   199,    1250000,     903710,        0,    -346290,          0
 12095,   200,    1250000,     904354,        0,    -345646,          0
 12095,   201,    1250000,     973418,        0,    -276582,          0
 12095,   202,    1250000,     927637,        0,    -322363,          0
 12095,   203,    1250000,     916189,        0,    -333811,          0
 12095,   204,    1250000,     959249,        0,    -290751,          0
 12095,   205,    1250000,     915487,        0,    -334513,          0
 12095,   206,    1250000,     915481,        0,    -334519,          0
 12095,   207,    1250000,     919933,        0,    -330067,          0
 12095,   208,    1250000,     960868,        0,    -289132,          0
 12095,   209,    1250000,     970649,        0,    -279351,          0
 12095,   210,    1250000,     953356,        0,    -296644,          0
 12095,   211,    1250000,     970418,        0,    -279582,          0
 12095,   212,    1250000,     966473,        0,    -283527,          0
 12095,   213,    1250000,     957323,        0,    -292677,          0
 12095,   214,    1250000,     953576,        0,    -296424,          0
 12095,   215,    1250000,     954017,        0,    -295983,          0
 12095,   216,    1250000,     910710,        0,    -339290,          0
 12095,   217,    1250000,     953200,        0,    -296800,          0
 12095,   218,    1250000,     969960,        0,    -280040,          0
 12095,   219,    1250000,     944337,        0,    -305663,          0
 12095,   220,    1250000,     926605,        0,    -323395,          0
 12095,   221,    1250000,     928888,        0,    -321112,          0
 12095,   222,    1250000,     970007,        0,    -279993,          0
 12095,   223,    1250000,     906663,        0,    -343337,          0
 12095,   224,    1250000,     928899,        0,    -321101,          0
 12095,   225,    1250000,     944829,        0,    -305171,          0
 12095,   226,    1250000,    1004647,        0,    -245353,          0
 12095,   227,    1250000,     990050,        0,    -259950,          0
 12095,   228,    1250000,     943377,        0,    -306623,          0
 12095,   229,    1250000,     953254,        0,    -296746,          0
 12095,   230,    1250000,     925949,        0,    -324051,          0
 12095,   231,    1250000,     953931,        0,    -296069,          0
 12095,   232,    1250000,     966894,        0,    -283106,          0
 12095,   233,    1250000,     945258,        0,    -304742,          0
 12095,   234,    1250000,     955755,        0,    -294245,          0
 12095,   235,    1250000,     960394,        0,    -289606,          0
 12095,   236,    1250000,     958323,        0,    -291677,          0
 12095,   237,    1250000,     972480,        0,    -277520,          0
 12095,   238,    1250000,     959533,        0,    -290467,          0
 12095,   239,    1250000,     942946,        0,    -307054,          0
 12095,   240,    1250000,     951818,        0,    -298182,          0
 12095,   241,    1250000,     932597,        0,    -317403,          0
 12095,   242,    1250000,     921672,        0,    -328328,          0
 12095,   243,    1250000,     957465,        0,    -292535,          0
 12095,   244,    1250000,     933634,        0,    -316366,          0
 12095,   245,    1250000,     923326,        0,    -326674,          0
 12095,   246,    1250000,     935637,        0,    -314363,          0
 12095,   247,    1250000,     952485,        0,    -297515,          0
 12095,   248,    1250000,     917517,        0,    -332483,          0
 12095,   249,    1250000,    1035898,        0,    -214102,          0
 12095,   250,    1250000,     996404,        0,    -253596,          0
 12095,   251,    1250000,     912022,        0,    -337978,          0
 12095,   252,    1250000,     941957,        0,    -308043,          0
 12095,   253,    1250000,    1042367,        0,    -207633,          0
 12095,   254,    1250000,     939811,        0,    -310189,          0
 12095,   255,    1250000,     923486,        0,    -326514,          0
 12095,   256,    1250000,     960929,        0,    -289071,          0
 12095,   257,    1250000,     952743,        0,    -297257,          0
 12095,   258,    1250000,     978372,        0,    -271628,          0
 12095,   259,    1250000,     924185,        0,    -325815,          0
 12095,   260,    1250000,     930355,        0,    -319645,          0
 12095,   261,    1250000,     964174,        0,    -285826,          0
 12095,   262,    1250000,     978397,        0,    -271603,          0
 12095,   263,    1250000,     910119,        0,    -339881,          0
 12095,   264,    1250000,    1020370,        0,    -229630,          0
 12095,   265,    1250000,     977095,        0,    -272905,          0
 12095,   266,    1250000,     925541,        0,    -324459,          0
 12095,   267,    1250000,     916726,        0,    -333274,          0
 12095,   268,    1250000,     915619,        0,    -334381,          0
 12095,   269,    1250000,     985232,        0,    -264768,          0
 12095,   270,    1250000,     990514,        0,    -259486,          0
 12095,   271,    1250000,     929652,        0,    -320348,          0
 12095,   272,    1250000,     911137,        0,    -338863,          0
 12095,   273,    1250000,     920784,        0,    -329216,          0
 12095,   274,    1250000,     939733,        0,    -310267,          0
 12095,   275,    1250000,     899234,        0,    -350766,          0
 12095,   276,    1250000,     927123,        0,    -322877,          0
 12095,   277,    1250000,     963765,        0,    -286235,          0
 12095,   278,    1250000,     906417,        0,    -343583,          0
 12095,   279,    1250000,     935135,        0,    -314865,          0
 12095,   280,    1250000,     934910,        0,    -315090,          0
 12095,   281,    1250000,     924890,        0,    -325110,          0
 12095,   282,    1250000,     992523,        0,    -257477,          0
 12095,   283,    1250000,     945108,        0,    -304892,          0
 12095,   284,    1250000,     927584,        0,    -322416,          0
 12095,   285,    1250000,     919294,        0,    -330706,          0
 12095,   286,    1250000,    1068555,        0,    -181445,          0
 12095,   287,    1250000,     918708,        0,    -331292,          0
 12095,   288,    1250000,    1030987,        0,    -219013,          0
 12095,   289,    1250000,     978362,        0,    -271638,          0
 12095,   290,    1250000,     930169,        0,    -319831,          0
 12095,   291,    1250000,     940936,        0,    -309064,          0
 12095,   292,    1250000,     922264,        0,    -327736,          0
 12095,   293,    1250000,     970925,        0,    -279075,          0
 12095,   294,    1250000,     909265,        0,    -340735,          0
 12095,   295,    1250000,     912410,        0,    -337590,          0
 12095,   296,    1250000,     939833,        0,    -310167,          0
 12095,   297,    1250000,     919214,        0,    -330786,          0
 12095,   298,    1250000,     963839,        0,    -286161,          0
 12095,   299,    1250000,     939443,        0,    -310557,          0
 12095,   300,    1250000,     978456,        0,    -271544,          0
 12095,   301,    1250000,    1006232,        0,    -243768,          0
 12095,   302,    1250000,     949262,        0,    -300738,          0
 12095,   303,    1250000,     924210,        0,    -325790,          0
 12095,   304,    1250000,     942562,        0,    -307438,          0
 12095,   305,    1250000,     936543,        0,    -313457,          0
 12095,   306,    1250000,     997157,        0,    -252843,          0
 12095,   307,    1250000,     922499,        0,    -327501,          0
 12095,   308,    1250000,     931789,        0,    -318211,          0
 12095,   309,    1250000,     933818,        0,    -316182,          0
 12095,   310,    1250000,     931671,        0,    -318329,          0
 12095,   311,    1250000,     920440,        0,    -329560,          0
 12095,   312,    1250000,     924577,        0,    -325423,          0
 12095,   313,    1250000,     921067,        0,    -328933,          0
 12095,   314,    1250000,     944113,        0,    -305887,          0
 12095,   315,    1250000,     940843,        0,    -309157,          0
 12095,   316,    1250000,     941511,        0,    -308489,          0
 12095,   317,    1250000,     936847,        0,    -313153,          0
 12095,   318,    1250000,     907698,        0,    -342302,          0
 12095,   319,    1250000,     957462,        0,    -292538,          0
 12095,   320,    1250000,     918830,        0,    -331170,          0
 12095,   321,    1250000,     942749,        0,    -307251,          0
 12095,   322,    1250000,     955749,        0,    -294251,          0
 12095,   323,    1250000,     956736,        0,    -293264,          0
 12095,   324,    1250000,     938145,        0,    -311855,          0
 12095,   325,    1250000,     906927,        0,    -343073,          0
 12095,   326,    1250000,    1011128,        0,    -238872,          0
 12095,   327,    1250000,     925410,        0,    -324590,          0
 12095,   328,    1250000,     976401,        0,    -273599,          0
 12095,   329,    1250000,     964419,        0,    -285581,          0
 12095,   330,    1250000,     940862,        0,    -309138,          0
 12095,   331,    1250000,     973845,        0,    -276155,          0
 12095,   332,    1250000,     928228,        0,    -321772,          0
 12095,   333,    1250000,     961024,        0,    -288976,          0
 12095,   334,    1250000,     950543,        0,    -299457,          0
 12095,   335,    1250000,     947170,        0,    -302830,          0
 12095,   336,    1250000,     923468,        0,    -326532,          0
 12095,   337,    1250000,     960429,        0,    -289571,          0
 12095,   338,    1250000,     958920,        0,    -291080,          0
 12095,   339,    1250000,     938842,        0,    -311158,          0
 12095,   340,    1250000,     970563,        0,    -279437,          0
 12095,   341,    1250000,     951217,        0,    -298783,          0
 12095,   342,    1250000,     923649,        0,    -326351,          0
 12095,   343,    1250000,     976785,        0,    -273215,          0
 12095,   344,    1250000,    1027383,        0,    -222617,          0
 12095,   345,    1250000,     927732,        0,    -322268,          0
 12095,   346,    1250000,     938798,        0,    -311202,          0
 12095,   347,    1250000,     922267,        0,    -327733,          0
 12095,   348,    1250000,     904661,        0,    -345339,          0
 12095,   349,    1250000,     948595,        0,    -301405,          0
 12095,   350,    1250000,    1027881,        0,    -222119,          0
 12095,   351,    1250000,     919959,        0,    -330041,          0
 12095,   352,    1250000,     926779,        0,    -323221,          0
 12095,   353,    1250000,     995267,        0,    -254733,          0
 12095,   354,    1250000,     931086,        0,    -318914,          0
 12095,   355,    1250000,     910012,        0,    -339988,          0
 12095,   356,    1250000,     950085,        0,    -299915,          0
 12095,   357,    1250000,     917746,        0,    -332254,          0
 12095,   358,    1250000,     930815,        0,    -319185,          0
 12095,   359,    1250000,     931731,        0,    -318269,          0
 12095,   360,    1250000,     954938,        0,    -295062,          0
 12095,   361,    1250000,     943817,        0,    -306183,          0
 12095,   362,    1250000,     946209,        0,    -303791,          0
 12095,   363,    1250000,     948945,        0,    -301055,          0
 12095,   364,    1250000,     959153,        0,    -290847,          0
 12095,   365,    1250000,     919384,        0,    -330616,          0
 12095,   366,    1250000,     971757,        0,    -278243,          0
 12095,   367,    1250000,     940179,        0,    -309821,          0
 12095,   368,    1250000,     956947,        0,    -293053,          0
 12095,   369,    1250000,     953124,        0,    -296876,          0
 12095,   370,    1250000,     973688,        0,    -276312,          0
 12095,   371,    1250000,     964105,        0,    -285895,          0
 12095,   372,    1250000,     946539,        0,    -303461,          0
 12095,   373,    1250000,     967285,        0,    -282715,          0
 12095,   374,    1250000,     936309,        0,    -313691,          0
 12095,   375,    1250000,     916858,        0,    -333142,          0
 12095,   376,    1250000,     924376,        0,    -325624,          0
 12095,   377,    1250000,     952641,        0,    -297359,          0
 12095,   378,    1250000,    1033810,        0,    -216190,          0
 12095,   379,    1250000,     963378,        0,    -286622,          0
 12095,   380,    1250000,     928228,        0,    -321772,          0
 12095,   381,    1250000,     980809,        0,    -269191,          0
 12095,   382,    1250000,     977030,        0,    -272970,          0
 12095,   383,    1250000,     947129,        0,    -302871,          0
 12095,   384,    1250000,     914928,        0,    -335072,          0
 12095,   385,    1250000,     915455,        0,    -334545,          0
 12095,   386,    1250000,    1075074,        0,    -174926,          0
 12095,   387,    1250000,     918793,        0,    -331207,          0
 12095,   388,    1250000,     977241,        0,    -272759,          0
 12095,   389,    1250000,     940422,        0,    -309578,          0
 12095,   390,    1250000,     981643,        0,    -268357,          0
 12095,   391,    1250000,     915009,        0,    -334991,          0
 12095,   392,    1250000,     974247,        0,    -275753,          0
 12095,   393,    1250000,     956463,        0,    -293537,          0
 12095,   394,    1250000,     975187,        0,    -274813,          0
 12095,   395,    1250000,     914407,        0,    -335593,          0
 12095,   396,    1250000,     961141,        0,    -288859,          0
 12095,   397,    1250000,     949191,        0,    -300809,          0
 12095,   398,    1250000,     955638,        0,    -294362,          0
 12095,   399,    1250000,     953224,        0,    -296776,          0
 12095,   400,    1250000,     944792,        0,    -305208,          0
 12095,   401,    1250000,     933056,        0,    -316944,          0
 12095,   402,    1250000,    1003956,        0,    -246044,          0
 12095,   403,    1250000,     889396,        0,    -360604,          0
 12095,   404,    1250000,     978545,        0,    -271455,          0
 12095,   405,    1250000,     961960,        0,    -288040,          0
 12095,   406,    1250000,     954459,        0,    -295541,          0
 12095,   407,    1250000,     931603,        0,    -318397,          0
 12095,   408,    1250000,     927513,        0,    -322487,          0
 12095,   409,    1250000,     978292,        0,    -271708,          0
 12095,   410,    1250000,     979546,        0,    -270454,          0
 12095,   411,    1250000,     941432,        0,    -308568,          0
 12095,   412,    1250000,     960797,        0,    -289203,          0
 12095,   413,    1250000,     989197,        0,    -260803,          0
 12095,   414,    1250000,     970664,        0,    -279336,          0
 12095,   415,    1250000,     930423,        0,    -319577,          0
 12095,   416,    1250000,     919512,        0,    -330488,          0
 12095,   417,    1250000,     930131,        0,    -319869,          0
 12095,   418,    1250000,     942866,        0,    -307134,          0
 12095,   419,    1250000,     974274,        0,    -275726,          0
 12095,   420,    1250000,     958518,        0,    -291482,          0
 12095,   421,    1250000,     964242,        0,    -285758,          0
 12095,   422,    1250000,     982493,        0,    -267507,          0
 12095,   423,    1250000,     945926,        0,    -304074,          0
 12095,   424,    1250000,     917817,        0,    -332183,          0
 12095,   425,    1250000,     935418,        0,    -314582,          0
 12095,   426,    1250000,     940284,        0,    -309716,          0
 12095,   427,    1250000,     930037,        0,    -319963,          0
 12095,   428,    1250000,     927842,        0,    -322158,          0
 12095,   429,    1250000,     941953,        0,    -308047,          0
 12095,   430,    1250000,     909303,        0,    -340697,          0
 12095,   431,    1250000,     938456,        0,    -311544,          0
 12095,   432,    1250000,     920596,        0,    -329404,          0
 12095,   433,    1250000,     920796,        0,    -329204,          0
 12095,   434,    1250000,     927195,        0,    -322805,          0
 12095,   435,    1250000,     927161,        0,    -322839,          0
 12095,   436,    1250000,     973601,        0,    -276399,          0
 12095,   437,    1250000,     985908,        0,    -264092,          0
 12095,   438,    1250000,     929646,        0,    -320354,          0
 12095,   439,    1250000,     932599,        0,    -317401,          0
 12095,   440,    1250000,    1012575,        0,    -237425,          0
 12095,   441,    1250000,     930085,        0,    -319915,          0
 12095,   442,    1250000,     937857,        0,    -312143,          0
 12095,   443,    1250000,     920215,        0,    -329785,          0
 12095,   444,    1250000,     919575,        0,    -330425,          0
 12095,   445,    1250000,     918089,        0,    -331911,          0
 12095,   446,    1250000,     938359,        0,    -311641,          0
 12095,   447,    1250000,     938688,        0,    -311312,          0
 12095,   448,    1250000,     995515,        0,    -254485,          0
 12095,   449,    1250000,     966351,        0,    -283649,          0
 12095,   450,    1250000,    1050465,        0,    -199535,          0
 12095,   451,    1250000,     928613,        0,    -321387,          0
 12095,   452,    1250000,     980825,        0,    -269175,          0
 12095,   453,    1250000,     911093,        0,    -338907,          0
 12095,   454,    1250000,     979491,        0,    -270509,          0
 12095,   455,    1250000,     900730,        0,    -349270,          0
 12095,   456,    1250000,     942994,        0,    -307006,          0
 12095,   457,    1250000,    1024800,        0,    -225200,          0
 12095,   458,    1250000,     922114,        0,    -327886,          0
 12095,   459,    1250000,     968825,        0,    -281175,          0
 12095,   460,    1250000,     946538,        0,    -303462,          0
 12095,   461,    1250000,     928212,        0,    -321788,          0
 12095,   462,    1250000,     920299,        0,    -329701,          0
 12095,   463,    1250000,     914309,        0,    -335691,          0
 12095,   464,    1250000,     915738,        0,    -334262,          0
 12095,   465,    1250000,     999968,        0,    -250032,          0
 12095,   466,    1250000,     914885,        0,    -335115,          0
 12095,   467,    1250000,     916247,        0,    -333753,          0
 12095,   468,    1250000,     973238,        0,    -276762,          0
 12095,   469,    1250000,     973091,        0,    -276909,          0
 12095,   470,    1250000,     955806,        0,    -294194,          0
 12095,   471,    1250000,     925949,        0,    -324051,          0
 12095,   472,    1250000,     923082,        0,    -326918,          0
 12095,   473,    1250000,     939302,        0,    -310698,          0
 12095,   474,    1250000,     955699,        0,    -294301,          0
 12095,   475,    1250000,     927125,        0,    -322875,          0
 12095,   476,    1250000,     914958,        0,    -335042,          0
 12095,   477,    1250000,     990216,        0,    -259784,          0
 12095,   478,    1250000,     951288,        0,    -298712,          0
 12095,   479,    1250000,     929175,        0,    -320825,          0
 12095,   480,    1250000,    1012721,        0,    -237279,          0
 12095,   481,    1250000,     977425,        0,    -272575,          0
 12095,   482,    1250000,     923777,        0,    -326223,          0
 12095,   483,    1250000,     930776,        0,    -319224,          0
 12095,   484,    1250000,     905345,        0,    -344655,          0
 12095,   485,    1250000,     966143,        0,    -283857,          0
 12095,   486,    1250000,    1037164,        0,    -212836,          0
 12095,   487,    1250000,    1013245,        0,    -236755,          0
 12095,   488,    1250000,     934000,        0,    -316000,          0
 12095,   489,    1250000,     938591,        0,    -311409,          0
 12095,   490,    1250000,     995921,        0,    -254079,          0
 12095,   491,    1250000,     953195,        0,    -296805,          0
 12095,   492,    1250000,     909987,        0,    -340013,          0
 12095,   493,    1250000,     952002,        0,    -297998,          0
 12095,   494,    1250000,     923268,        0,    -326732,          0
 12095,   495,    1250000,     962539,        0,    -287461,          0
 12095,   496,    1250000,     941026,        0,    -308974,          0
 12095,   497,    1250000,     920829,        0,    -329171,          0
 12095,   498,    1250000,     933575,        0,    -316425,          0
 12095,   499,    1250000,     916902,        0,    -333098,          0
 12095,   500,    1250000,     931284,        0,    -318716,          0
 12095,   501,    1250000,     958284,        0,    -291716,          0
 12095,   502,    1250000,     931550,        0,    -318450,          0
 12095,   503,    1250000,     899377,        0,    -350623,          0
 12095,   504,    1250000,     933695,        0,    -316305,          0
 12095,   505,    1250000,     937199,        0,    -312801,          0
 12095,   506,    1250000,     927523,        0,    -322477,          0
 12095,   507,    1250000,     959628,        0,    -290372,          0
 12095,   508,    1250000,    1004111,        0,    -245889,          0
 12095,   509,    1250000,     993512,        0,    -256488,          0
 12095,   510,    1250000,     978177,        0,    -271823,          0
 12095,   511,    1250000,     936889,        0,    -313111,          0
 12095,   512,    1250000,     912912,        0,    -337088,          0
 12095,   513,    1250000,     929172,        0,    -320828,          0
 12095,   514,    1250000,     963064,        0,    -286936,          0
 12095,   515,    1250000,     950270,        0,    -299730,          0
 12095,   516,    1250000,     902881,        0,    -347119,          0
 12095,   517,    1250000,     947519,        0,    -302481,          0
 12095,   518,    1250000,     943968,        0,    -306032,          0
 12095,   519,    1250000,     902143,        0,    -347857,          0
 12095,   520,    1250000,     984867,        0,    -265133,          0
 12095,   521,    1250000,     931328,        0,    -318672,          0
 12095,   522,    1250000,     932997,        0,    -317003,          0
 12095,   523,    1250000,     956463,        0,    -293537,          0
 12095,   524,    1250000,     983739,        0,    -266261,          0
 12095,   525,    1250000,     952916,        0,    -297084,          0
 12095,   526,    1250000,     957513,        0,    -292487,          0
 12095,   527,    1250000,     927565,        0,    -322435,          0
 12095,   528,    1250000,     940734,        0,    -309266,          0
 12095,   529,    1250000,     981090,        0,    -268910,          0
 12095,   530,    1250000,     942031,        0,    -307969,          0
 12095,   531,    1250000,     949368,        0,    -300632,          0
 12095,   532,    1250000,     929535,        0,    -320465,          0
 12095,   533,    1250000,    1012993,        0,    -237007,          0
 12095,   534,    1250000,     959293,        0,    -290707,          0
 12095,   535,    1250000,     916512,        0,    -333488,          0
 12095,   536,    1250000,     980596,        0,    -269404,          0
 12095,   537,    1250000,     943752,        0,    -306248,          0
 12095,   538,    1250000,     924608,        0,    -325392,          0
 12095,   539,    1250000,     950381,        0,    -299619,          0
 12095,   540,    1250000,     937557,        0,    -312443,          0
 12095,   541,    1250000,     962820,        0,    -287180,          0
 12095,   542,    1250000,     950886,        0,    -299114,          0
 12095,   543,    1250000,     938203,        0,    -311797,          0
 12095,   544,    1250000,     923733,        0,    -326267,          0
 12095,   545,    1250000,     941988,        0,    -308012,          0
 12095,   546,    1250000,     909226,        0,    -340774,          0
 12095,   547,    1250000,     936671,        0,    -313329,          0
 12095,   548,    1250000,     949120,        0,    -300880,          0
 12095,   549,    1250000,     988957,        0,    -261043,          0
 12095,   550,    1250000,     919522,        0,    -330478,          0
 12095,   551,    1250000,     930792,        0,    -319208,          0
 12095,   552,    1250000,     934064,        0,    -315936,          0
 12095,   553,    1250000,     930986,        0,    -319014,          0
 12095,   554,    1250000,     924733,        0,    -325267,          0
 12095,   555,    1250000,     939177,        0,    -310823,          0
 12095,   556,    1250000,     997606,        0,    -252394,          0
 12095,   557,    1250000,     973569,        0,    -276431,          0
 12095,   558,    1250000,     919115,        0,    -330885,          0
 12095,   559,    1250000,     954395,        0,    -295605,          0
 12095,   560,    1250000,     942378,        0,    -307622,          0
 12095,   561,    1250000,     978919,        0,    -271081,          0
 12095,   562,    1250000,     937604,        0,    -312396,          0
 12095,   563,    1250000,     958899,        0,    -291101,          0
 12095,   564,    1250000,     915818,        0,    -334182,          0
 12095,   565,    1250000,     972607,        0,    -277393,          0
 12095,   566,    1250000,     960193,        0,    -289807,          0
 12095,   567,    1250000,     907249,        0,    -342751,          0
 12095,   568,    1250000,     993141,        0,    -256859,          0
 12095,   569,    1250000,     906593,        0,    -343407,          0
 12095,   570,    1250000,     915021,        0,    -334979,          0
 12095,   571,    1250000,     968819,        0,    -281181,          0
 12095,   572,    1250000,     969057,        0,    -280943,          0
 12095,   573,    1250000,     936608,        0,    -313392,          0
 12095,   574,    1250000,     997462,        0,    -252538,          0
 12095,   575,    1250000,    1055548,        0,    -194452,          0
 12095,   576,    1250000,    1018363,        0,    -231637,          0
 12095,   577,    1250000,     954026,        0,    -295974,          0
 12095,   578,    1250000,     931613,        0,    -318387,          0
 12095,   579,    1250000,     928219,        0,    -321781,          0
 12095,   580,    1250000,     900055,        0,    -349945,          0
 12095,   581,    1250000,     934068,        0,    -315932,          0
 12095,   582,    1250000,     913457,        0,    -336543,          0
 12095,   583,    1250000,     940250,        0,    -309750,          0
 12095,   584,    1250000,    1048513,        0,    -201487,          0
 12095,   585,    1250000,     949013,        0,    -300987,          0
 12095,   586,    1250000,    1124339,        0,    -125661,          0
 12095,   587,    1250000,     950851,        0,    -299149,          0
 12095,   588,    1250000,     941366,        0,    -308634,          0
 12095,   589,    1250000,     928315,        0,    -321685,          0
 12095,   590,    1250000,     971615,        0,    -278385,          0
 12095,   591,    1250000,     952133,        0,    -297867,          0
 12095,   592,    1250000,     943338,        0,    -306662,          0
 12095,   593,    1250000,     974973,        0,    -275027,          0
 12095,   594,    1250000,     910161,        0,    -339839,          0
 12095,   595,    1250000,     912029,        0,    -337971,          0
 12095,   596,    1250000,     977394,        0,    -272606,          0
 12095,   597,    1250000,     944568,        0,    -305432,          0
 12095,   598,    1250000,     920613,        0,    -329387,          0
 12095,   599,    1250000,     908305,        0,    -341695,          0
 12095,   600,    1250000,     944587,        0,    -305413,          0
 12095,   601,    1250000,     926538,        0,    -323462,          0
 12095,   602,    1250000,     916765,        0,    -333235,          0
 12095,   603,    1250000,     922707,        0,    -327293,          0
 12095,   604,    1250000,     993509,        0,    -256491,          0
 12095,   605,    1250000,     937487,        0,    -312513,          0
 12095,   606,    1250000,     963270,        0,    -286730,          0
 12095,   607,    1250000,     956731,        0,    -293269,          0
 12095,   608,    1250000,     996377,        0,    -253623,          0
 12095,   609,    1250000,     958083,        0,    -291917,          0
 12095,   610,    1250000,     955417,        0,    -294583,          0
 12095,   611,    1250000,     938444,        0,    -311556,          0
 12095,   612,    1250000,     928827,        0,    -321173,          0
 12095,   613,    1250000,     972399,        0,    -277601,          0
 12095,   614,    1250000,     924703,        0,    -325297,          0
 12095,   615,    1250000,     954504,        0,    -295496,          0
 12095,   616,    1250000,     931369,        0,    -318631,          0
 12095,   617,    1250000,     940400,        0,    -309600,          0
 12095,   618,    1250000,     955433,        0,    -294567,          0
 12095,   619,    1250000,     922521,        0,    -327479,          0
 12095,   620,    1250000,     972666,        0,    -277334,          0
 12095,   621,    1250000,     939643,        0,    -310357,          0
 12095,   622,    1250000,     984624,        0,    -265376,          0
 12095,   623,    1250000,     913320,        0,    -336680,          0
 12095,   624,    1250000,     987843,        0,    -262157,          0
 12095,   625,    1250000,     946810,        0,    -303190,          0
 12095,   626,    1250000,     911295,        0,    -338705,          0
 12095,   627,    1250000,     993692,        0,    -256308,          0
 12095,   628,    1250000,     895178,        0,    -354822,          0
 12095,   629,    1250000,     911984,        0,    -338016,          0
 12095,   630,    1250000,     920414,        0,    -329586,          0
 12095,   631,    1250000,     905392,        0,    -344608,          0
 12095,   632,    1250000,     971812,        0,    -278188,          0
 12095,   633,    1250000,     961689,        0,    -288311,          0
 12095,   634,    1250000,     972960,        0,    -277040,          0
 12095,   635,    1250000,     977340,        0,    -272660,          0
 12095,   636,    1250000,     961717,        0,    -288283,          0
 12095,   637,    1250000,     976223,        0,    -273777,          0
 12095,   638,    1250000,    1007860,        0,    -242140,          0
 12095,   639,    1250000,     970886,        0,    -279114,          0
 12095,   640,    1250000,     947151,        0,    -302849,          0
 12095,   641,    1250000,     997388,        0,    -252612,          0
 12095,   642,    1250000,     951610,        0,    -298390,          0
 12095,   643,    1250000,     925724,        0,    -324276,          0
 12095,   644,    1250000,     966017,        0,    -283983,          0
 12095,   645,    1250000,     919912,        0,    -330088,          0
 12095,   646,    1250000,     971446,        0,    -278554,          0
 12095,   647,    1250000,     946025,        0,    -303975,          0
 12095,   648,    1250000,     914526,        0,    -335474,          0
 12095,   649,    1250000,     939173,        0,    -310827,          0
 12095,   650,    1250000,     905510,        0,    -344490,          0
 12095,   651,    1250000,     943398,        0,    -306602,          0
 12095,   652,    1250000,     959861,        0,    -290139,          0
 12095,   653,    1250000,     926991,        0,    -323009,          0
 12095,   654,    1250000,     954057,        0,    -295943,          0
 12095,   655,    1250000,     926860,        0,    -323140,          0
 12095,   656,    1250000,     987927,        0,    -262073,          0
 12095,   657,    1250000,     922788,        0,    -327212,          0
 12095,   658,    1250000,     954575,        0,    -295425,          0
 12095,   659,    1250000,     951604,        0,    -298396,          0
 12095,   660,    1250000,     956445,        0,    -293555,          0
 12095,   661,    1250000,     935586,        0,    -314414,          0
 12095,   662,    1250000,     979570,        0,    -270430,          0
 12095,   663,    1250000,     915203,        0,    -334797,          0
 12095,   664,    1250000,     922309,        0,    -327691,          0
 12095,   665,    1250000,     910936,        0,    -339064,          0
 12095,   666,    1250000,     939869,        0,    -310131,          0
 12095,   667,    1250000,     979102,        0,    -270898,          0
 12095,   668,    1250000,     970124,        0,    -279876,          0
 12095,   669,    1250000,     959232,        0,    -290768,          0
 12095,   670,    1250000,     952797,        0,    -297203,          0
 12095,   671,    1250000,     981260,        0,    -268740,          0
 12095,   672,    1250000,     948989,        0,    -301011,          0
 12095,   673,    1250000,    1008635,        0,    -241365,          0
 12095,   674,    1250000,     934637,        0,    -315363,          0
 12095,   675,    1250000,     917113,        0,    -332887,          0
 12095,   676,    1250000,     948455,        0,    -301545,          0
 12095,   677,    1250000,     972885,        0,    -277115,          0
 12095,   678,    1250000,     912425,        0,    -337575,          0
 12095,   679,    1250000,     952167,        0,    -297833,          0
 12095,   680,    1250000,     961908,        0,    -288092,          0
 12095,   681,    1250000,     919169,        0,    -330831,          0
 12095,   682,    1250000,     949496,        0,    -300504,          0
 12095,   683,    1250000,     975354,        0,    -274646,          0
 12095,   684,    1250000,     972346,        0,    -277654,          0
 12095,   685,    1250000,     947196,        0,    -302804,          0
 12095,   686,    1250000,    1034846,        0,    -215154,          0
 12095,   687,    1250000,     904781,        0,    -345219,          0
 12095,   688,    1250000,     922662,        0,    -327338,          0
 12095,   689,    1250000,     954357,        0,    -295643,          0
 12095,   690,    1250000,     954018,        0,    -295982,          0
 12095,   691,    1250000,     946492,        0,    -303508,          0
 12095,   692,    1250000,     923876,        0,    -326124,          0
 12095,   693,    1250000,    1017366,        0,    -232634,          0
 12095,   694,    1250000,     923468,        0,    -326532,          0
 12095,   695,    1250000,     934542,        0,    -315458,          0
 12095,   696,    1250000,     933165,        0,    -316835,          0
 12095,   697,    1250000,     971843,        0,    -278157,          0
 12095,   698,    1250000,     961532,        0,    -288468,          0
 12095,   699,    1250000,     995206,        0,    -254794,          0
 12095,   700,    1250000,     929912,        0,    -320088,          0
 12095,   701,    1250000,     907030,        0,    -342970,          0
 12095,   702,    1250000,     920885,        0,    -329115,          0
 12095,   703,    1250000,     907326,        0,    -342674,          0
 12095,   704,    1250000,     943945,        0,    -306055,          0
 12095,   705,    1250000,     931327,        0,    -318673,          0
 12095,   706,    1250000,     956131,        0,    -293869,          0
 12095,   707,    1250000,     925142,        0,    -324858,          0
 12095,   708,    1250000,     946608,        0,    -303392,          0
 12095,   709,    1250000,     940853,        0,    -309147,          0
 12095,   710,    1250000,     943262,        0,    -306738,          0
 12095,   711,    1250000,     915362,        0,    -334638,          0
 12095,   712,    1250000,     955691,        0,    -294309,          0
 12095,   713,    1250000,     983162,        0,    -266838,          0
 12095,   714,    1250000,     968341,        0,    -281659,          0
 12095,   715,    1250000,     925968,        0,    -324032,          0
 12095,   716,    1250000,     994120,        0,    -255880,          0
 12095,   717,    1250000,     927750,        0,    -322250,          0
 12095,   718,    1250000,     904508,        0,    -345492,          0
 12095,   719,    1250000,     937296,        0,    -312704,          0
 12095,   720,    1250000,     910177,        0,    -339823,          0
 12095,   721,    1250000,     958538,        0,    -291462,          0
 12095,   722,    1250000,     937492,        0,    -312508,          0
 12095,   723,    1250000,     910097,        0,    -339903,          0
 12095,   724,    1250000,    1020148,        0,    -229852,          0
 12095,   725,    1250000,     931712,        0,    -318288,          0
 12095,   726,    1250000,    1011551,        0,    -238449,          0
 12095,   727,    1250000,     940320,        0,    -309680,          0
 12095,   728,    1250000,     939215,        0,    -310785,          0
 12095,   729,    1250000,     934465,        0,    -315535,          0
 12095,   730,    1250000,     941466,        0,    -308534,          0
 12095,   731,    1250000,     914678,        0,    -335322,          0
 12095,   732,    1250000,     931790,        0,    -318210,          0
 12095,   733,    1250000,     910357,        0,    -339643,          0
 12095,   734,    1250000,     935892,        0,    -314108,          0
 12095,   735,    1250000,     914531,        0,    -335469,          0
 12095,   736,    1250000,     958984,        0,    -291016,          0
 12095,   737,    1250000,     952120,        0,    -297880,          0
 12095,   738,    1250000,     924582,        0,    -325418,          0
 12095,   739,    1250000,     916920,        0,    -333080,          0
 12095,   740,    1250000,     981697,        0,    -268303,          0
 12095,   741,    1250000,     943885,        0,    -306115,          0
 12095,   742,    1250000,    1108851,        0,    -141149,          0
 12095,   743,    1250000,     940559,        0,    -309441,          0
 12095,   744,    1250000,     948295,        0,    -301705,          0
 12095,   745,    1250000,     926924,        0,    -323076,          0
 12095,   746,    1250000,     938880,        0,    -311120,          0
 12095,   747,    1250000,     924795,        0,    -325205,          0
 12095,   748,    1250000,     933571,        0,    -316429,          0
 12095,   749,    1250000,     940217,        0,    -309783,          0
 12095,   750,    1250000,     984400,        0,    -265600,          0
 12095,   751,    1250000,     934303,        0,    -315697,          0
 12095,   752,    1250000,     924676,        0,    -325324,          0
 12095,   753,    1250000,     947844,        0,    -302156,          0
 12095,   754,    1250000,     961364,        0,    -288636,          0
 12095,   755,    1250000,     939719,        0,    -310281,          0
 12095,   756,    1250000,     917311,        0,    -332689,          0
 12095,   757,    1250000,     944385,        0,    -305615,          0
 12095,   758,    1250000,     912948,        0,    -337052,          0
 12095,   759,    1250000,     915460,        0,    -334540,          0
 12095,   760,    1250000,     935576,        0,    -314424,          0
 12095,   761,    1250000,     935792,        0,    -314208,          0
 12095,   762,    1250000,     986168,        0,    -263832,          0
 12095,   763,    1250000,     913330,        0,    -336670,          0
 12095,   764,    1250000,     960783,        0,    -289217,          0
 12095,   765,    1250000,     935888,        0,    -314112,          0
 12095,   766,    1250000,     938568,        0,    -311432,          0
 12095,   767,    1250000,     989424,        0,    -260576,          0
 12095,   768,    1250000,     917768,        0,    -332232,          0
 12095,   769,    1250000,     917838,        0,    -332162,          0
 12095,   770,    1250000,     937994,        0,    -312006,          0
 12095,   771,    1250000,     925716,        0,    -324284,          0
 12095,   772,    1250000,     955495,        0,    -294505,          0
 12095,   773,    1250000,     968493,        0,    -281507,          0
 12095,   774,    1250000,     915333,        0,    -334667,          0
 12095,   775,    1250000,     935535,        0,    -314465,          0
 12095,   776,    1250000,     963633,        0,    -286367,          0
 12095,   777,    1250000,     912608,        0,    -337392,          0
 12095,   778,    1250000,     968629,        0,    -281371,          0
 12095,   779,    1250000,     918115,        0,    -331885,          0
 12095,   780,    1250000,     967832,        0,    -282168,          0
 12095,   781,    1250000,     962612,        0,    -287388,          0
 12095,   782,    1250000,     968022,        0,    -281978,          0
 12095,   783,    1250000,     908296,        0,    -341704,          0
 12095,   784,    1250000,     947620,        0,    -302380,          0
 12095,   785,    1250000,    1008175,        0,    -241825,          0
 12095,   786,    1250000,    1046576,        0,    -203424,          0
 12095,   787,    1250000,     967093,        0,    -282907,          0
 12095,   788,    1250000,     992702,        0,    -257298,          0
 12095,   789,    1250000,     931524,        0,    -318476,          0
 12095,   790,    1250000,     933896,        0,    -316104,          0
 12095,   791,    1250000,     939353,        0,    -310647,          0
 12095,   792,    1250000,     984871,        0,    -265129,          0
 12095,   793,    1250000,     928376,        0,    -321624,          0
 12095,   794,    1250000,     970374,        0,    -279626,          0
 12095,   795,    1250000,     939929,        0,    -310071,          0
 12095,   796,    1250000,     942754,        0,    -307246,          0
 12095,   797,    1250000,     942557,        0,    -307443,          0
 12095,   798,    1250000,     961927,        0,    -288073,          0
 12095,   799,    1250000,     956578,        0,    -293422,          0
 12095,   800,    1250000,     952454,        0,    -297546,          0
 12095,   801,    1250000,    1020588,        0,    -229412,          0
 12095,   802,    1250000,     912563,        0,    -337437,          0
 12095,   803,    1250000,     922368,        0,    -327632,          0
 12095,   804,    1250000,     907013,        0,    -342987,          0
