871 871 1
936 936 1
1112 1112 1
820 820 1
1210 1210 1
649 649 1
1844 1844 1
774 774 1
1683 1683 1
964 964 1
981 981 1
982 982 1
1809 1809 1
1577 1577 1
674 674 1
848 848 1
982 982 1
650 650 1
1052 1052 1
849 849 1
1039 1039 1
1069 1069 1
1070 1070 1
826 826 1
566 566 1
 
2688 2688 1
1632 1632 1
1973 1973 1
1764 1764 1
2503 2503 1
2925 2925 1
2583 2583 1
3088 3088 1
2269 2269 1
1653 1653 1
2177 2177 1
1776 1776 1
1185 1185 1
1365 1365 1
1082 1082 1
1386 1386 1
1585 1585 1
1786 1786 1
2416 2416 1
1887 1887 1
2277 2277 1
2054 2054 1
3737 3737 1
1710 1710 1
1634 1634 1
 
4154 4154 1
4198 4198 1
3406 3406 1
4186 4186 1
4120 4120 1
2542 2542 1
3294 3294 1
3611 3611 1
5994 5994 1
2502 2502 1
2779 2779 1
3370 3370 1
2979 2979 1
4750 4750 1
2295 2295 1
2280 2280 1
3563 3563 1
3746 3746 1
4871 4871 1
3701 3701 1
2982 2982 1
3037 3037 1
2585 2585 1
2542 2542 1
5233 5233 1
 
2847 2847 1
3403 3403 1
5173 5173 1
3549 3549 1
4257 4257 1
3052 3052 1
4940 4940 1
3727 3727 1
4252 4252 1
3491 3491 1
4679 4679 1
4630 4630 1
3827 3827 1
6205 6205 1
4095 4095 1
3520 3520 1
3585 3585 1
4727 4727 1
6203 6203 1
5717 5717 1
4034 4034 1
7825 7825 1
3873 3873 1
3619 3619 1
3657 3657 1
 
4515 4515 1
5138 5138 1
4138 4138 1
7241 7241 1
4891 4891 1
4264 4264 1
6029 6029 1
5938 5938 1
4751 4751 1
4218 4218 1
3722 3722 1
4321 4321 1
6600 6600 1
5678 5678 1
5273 5273 1
5454 5454 1
4973 4973 1
5242 5242 1
6246 6246 1
5205 5205 1
3993 3993 1
6059 6059 1
4994 4994 1
4616 4616 1
5072 5072 1
 
6062 6062 1
4544 4544 1
5386 5386 1
6836 6836 1
6320 6320 1
5383 5383 1
7835 7835 1
4459 4459 1
5670 5670 1
5932 5932 1
4358 4358 1
3870 3870 1
6377 6377 1
6286 6286 1
6984 6984 1
6095 6095 1
4970 4970 1
6162 6162 1
5362 5362 1
5035 5035 1
5307 5307 1
8070 8070 1
7019 7019 1
5439 5439 1
4706 4706 1
 
7049 7049 1
6317 6317 1
7280 7280 1
6445 6445 1
7677 7677 1
8483 8483 1
6902 6902 1
10808 10808 1
9378 9378 1
9877 9877 1
6906 6906 1
6453 6453 1
6853 6853 1
7372 7372 1
4751 4751 1
7139 7139 1
9380 9380 1
6884 6884 1
7751 7751 1
8450 8450 1
8141 8141 1
8541 8541 1
9558 9558 1
5634 5634 1
7783 7783 1
 
5934 5934 1
10926 10926 1
8983 8983 1
7405 7405 1
7288 7288 1
7116 7116 1
9037 9037 1
8955 8955 1
8960 8960 1
9921 9921 1
6326 6326 1
9960 9960 1
8240 8240 1
8778 8778 1
7229 7229 1
8086 8086 1
8431 8431 1
9628 9628 1
10605 10605 1
8971 8971 1
6890 6890 1
8151 8151 1
8603 8603 1
8965 8965 1
6495 6495 1
 
9961 9961 1
8588 8588 1
8342 8342 1
10198 10198 1
9002 9002 1
8254 8254 1
7679 7679 1
9917 9917 1
8138 8138 1
11218 11218 1
11536 11536 1
9756 9756 1
9231 9231 1
11512 11512 1
10012 10012 1
9622 9622 1
9395 9395 1
8993 8993 1
11250 11250 1
16706 16706 1
8542 8542 1
8467 8467 1
8765 8765 1
8514 8514 1
9103 9103 1
 
12978 12978 1
11321 11321 1
9429 9429 1
13184 13184 1
10271 10271 1
13563 13563 1
9944 9944 1
10788 10788 1
11981 11981 1
9555 9555 1
12568 12568 1
12938 12938 1
9119 9119 1
13283 13283 1
9020 9020 1
12734 12734 1
9661 9661 1
10713 10713 1
11120 11120 1
10002 10002 1
9669 9669 1
11899 11899 1
10371 10371 1
12844 12844 1
9049 9049 1
 
12261 12261 1
15941 15941 1
12347 12347 1
12198 12198 1
10956 10956 1
13686 13686 1
10421 10421 1
14551 14551 1
10388 10388 1
10917 10917 1
15166 15166 1
15123 15123 1
10279 10279 1
12961 12961 1
10965 10965 1
12801 12801 1
10977 10977 1
10879 10879 1
11889 11889 1
9222 9222 1
13256 13256 1
9635 9635 1
12727 12727 1
10326 10326 1
11560 11560 1
 
19485 19485 1
13764 13764 1
14920 14920 1
13390 13390 1
16693 16693 1
13926 13926 1
13951 13951 1
12018 12018 1
12206 12206 1
15185 15185 1
12621 12621 1
11987 11987 1
12768 12768 1
12813 12813 1
10885 10885 1
13283 13283 1
14768 14768 1
13289 13289 1
17478 17478 1
10338 10338 1
11275 11275 1
13368 13368 1
13511 13511 1
11212 11212 1
11727 11727 1
 
13743 13743 1
14020 14020 1
14350 14350 1
14344 14344 1
13706 13706 1
12323 12323 1
13444 13444 1
13460 13460 1
11583 11583 1
14167 14167 1
17692 17692 1
10115 10115 1
15082 15082 1
17243 17243 1
14511 14511 1
16521 16521 1
12544 12544 1
14557 14557 1
10655 10655 1
15138 15138 1
12928 12928 1
14467 14467 1
20051 20051 1
15961 15961 1
12473 12473 1
 
17433 17433 1
13831 13831 1
15626 15626 1
16454 16454 1
19262 19262 1
16274 16274 1
15075 15075 1
13518 13518 1
13581 13581 1
18888 18888 1
14405 14405 1
14876 14876 1
15798 15798 1
13739 13739 1
14173 14173 1
16808 16808 1
15877 15877 1
15794 15794 1
13640 13640 1
15996 15996 1
17194 17194 1
16317 16317 1
17741 17741 1
14388 14388 1
13585 13585 1
 
15524 15524 1
19333 19333 1
16975 16975 1
14939 14939 1
15991 15991 1
15510 15510 1
13925 13925 1
16567 16567 1
16329 16329 1
15001 15001 1
18069 18069 1
17284 17284 1
16654 16654 1
19348 19348 1
12921 12921 1
14422 14422 1
16281 16281 1
16380 16380 1
15904 15904 1
13321 13321 1
18611 18611 1
14280 14280 1
19044 19044 1
15348 15348 1
13186 13186 1
 
15630 15630 1
18131 18131 1
14923 14923 1
15930 15930 1
20536 20536 1
16803 16803 1
21565 21565 1
18856 18856 1
18169 18169 1
15150 15150 1
16816 16816 1
15441 15441 1
16470 16470 1
14941 14941 1
15297 15297 1
18440 18440 1
16900 16900 1
16068 16068 1
16315 16315 1
16692 16692 1
17970 17970 1
16776 16776 1
16393 16393 1
19263 19263 1
18896 18896 1
 
24593 24593 1
20985 20985 1
19454 19454 1
15744 15744 1
18604 18604 1
15949 15949 1
21228 21228 1
16870 16870 1
16858 16858 1
22589 22589 1
17269 17269 1
21660 21660 1
19496 19496 1
19714 19714 1
17386 17386 1
22956 22956 1
17792 17792 1
17146 17146 1
19122 19122 1
21603 21603 1
17266 17266 1
18546 18546 1
18798 18798 1
18991 18991 1
18678 18678 1
 
15737 15737 1
18493 18494 0
16360 16360 1
19981 19981 1
16402 16402 1
16980 16980 1
20915 20915 1
21122 21122 1
17604 17604 1
17616 17616 1
18693 18693 1
16574 16574 1
26167 26167 1
21882 21884 0
23437 23437 1
22808 22808 1
17862 17862 1
21540 21540 1
22361 22361 1
22787 22787 1
20602 20602 1
20879 20879 1
19910 19910 1
18424 18424 1
20258 20258 1
 
18899 18899 1
20594 20594 1
17151 17151 1
20486 20486 1
16267 16267 1
22660 22660 1
19327 19327 1
19842 19842 1
20939 20939 1
19646 19646 1
21238 21238 1
22306 22306 1
23410 23410 1
21304 21304 1
22145 22145 1
23009 23009 1
17928 17928 1
17375 17375 1
40305 40305 1
24638 24638 1
20088 20088 1
26453 26453 1
23438 23438 1
18174 18174 1
23733 23733 1
 
25679 25679 1
23502 23502 1
23335 23336 0
21154 21154 1
21494 21495 0
19271 19271 1
21348 21348 1
19211 19211 1
22843 22844 0
21923 21923 1
17913 17913 1
28517 28518 0
23526 23526 1
21575 21575 1
19288 19288 1
21336 21336 1
21052 21052 1
21943 21943 1
21687 21687 1
21240 21240 1
18350 18350 1
24103 24103 1
17172 17172 1
38449 38449 1
22458 22458 1
 
23776 23776 1
23884 23884 1
21827 21827 1
23155 23155 1
28872 28872 1
21225 21225 1
21690 21690 1
25925 25925 1
23753 23753 1
22405 22408 0
21387 21387 1
21641 21641 1
23700 23700 1
25309 25309 1
20976 20976 1
21763 21763 1
21309 21309 1
27438 27438 1
18480 18481 0
22488 22488 1
22480 22480 1
23839 23840 0
22021 22021 1
21379 21379 1
24498 24498 1
 
5089 19347 0
4448 19985 0
5743 25924 0
4582 22672 0
5487 29504 0
5462 27355 0
5749 26774 0
5670 27587 0
4765 24129 0
4815 29889 0
4965 20414 0
4942 24582 0
4782 22885 0
5314 26057 0
5029 22583 0
5100 20994 0
4678 20698 0
4847 21595 0
4619 21543 0
4826 27464 0
5058 24735 0
4402 19851 0
5052 21419 0
5236 25446 0
4837 25372 0
 
1713 18452 0
1793 18519 0
1869 19003 0
2027 20660 0
2680 27346 0
2323 22073 0
1857 21670 0
1987 21528 0
2231 23897 0
1870 18594 0
2339 23901 0
1814 22595 0
1722 19365 0
1884 20127 0
2178 20369 0
1900 21605 0
1821 19867 0
1922 20125 0
1734 20494 0
1726 19383 0
1702 19606 0
2032 22398 0
1846 20400 0
1542 17183 0
1916 20617 0
 
===
