870 870 1
939 939 1
1114 1114 1
815 815 1
1211 1211 1
649 649 1
1843 1843 1
776 776 1
1683 1683 1
963 963 1
985 985 1
981 981 1
1808 1808 1
1578 1578 1
674 674 1
849 849 1
985 985 1
648 648 1
1053 1053 1
848 848 1
1041 1041 1
1068 1068 1
1073 1073 1
826 826 1
563 563 1
 
2688 2688 1
1627 1627 1
1981 1981 1
1761 1761 1
2516 2516 1
2922 2922 1
2588 2588 1
3096 3096 1
2265 2265 1
1651 1651 1
2180 2180 1
1775 1775 1
1183 1183 1
1367 1367 1
1082 1082 1
1392 1392 1
1589 1589 1
1788 1788 1
2426 2426 1
1898 1898 1
2272 2272 1
2050 2050 1
3741 3741 1
1714 1714 1
1640 1640 1
 
4173 4173 1
4200 4200 1
3404 3404 1
4201 4201 1
4130 4130 1
2545 2545 1
3273 3273 1
3620 3620 1
5987 5987 1
2596 2596 1
2779 2779 1
3361 3361 1
2944 2944 1
4758 4758 1
2294 2294 1
2279 2279 1
3562 3562 1
3745 3745 1
4872 4872 1
3700 3700 1
2981 2981 1
3036 3036 1
2580 2580 1
2542 2542 1
5228 5228 1
 
2846 2846 1
3405 3405 1
5175 5175 1
3553 3553 1
4256 4256 1
3053 3053 1
4940 4940 1
3730 3730 1
4259 4259 1
3494 3494 1
4680 4680 1
4694 4694 1
3826 3826 1
6209 6209 1
4096 4096 1
3513 3513 1
3584 3584 1
4725 4725 1
6283 6283 1
5716 5716 1
4031 4031 1
7824 7824 1
3872 3872 1
3622 3622 1
3658 3658 1
 
4514 4514 1
5137 5137 1
4137 4137 1
7236 7236 1
4892 4892 1
4273 4273 1
5988 5988 1
5940 5940 1
5711 5711 1
4212 4212 1
3723 3723 1
4329 4329 1
6601 6601 1
5676 5676 1
5274 5274 1
5454 5454 1
4977 4977 1
5217 5217 1
6242 6242 1
5211 5211 1
3989 3989 1
6055 6055 1
4993 4993 1
4618 4618 1
5073 5073 1
 
6067 6067 1
4544 4544 1
5383 5383 1
6833 6833 1
6325 6325 1
5394 5394 1
7833 7833 1
4456 4456 1
5672 5672 1
5925 5925 1
4359 4359 1
3861 3861 1
6384 6384 1
6279 6279 1
6975 6975 1
6089 6089 1
4966 4966 1
6170 6170 1
5355 5355 1
5038 5038 1
5311 5311 1
8058 8058 1
6896 6896 1
5428 5428 1
4737 4737 1
 
6890 6890 1
6379 6379 1
7248 7248 1
6421 6421 1
7629 7629 1
8634 8634 1
6978 6978 1
10746 10746 1
9401 9401 1
9877 9877 1
6891 6891 1
6464 6464 1
7526 7526 1
7370 7370 1
4749 4749 1
7126 7126 1
9408 9408 1
7459 7459 1
7741 7741 1
8332 8332 1
8148 8148 1
8534 8534 1
9556 9556 1
5634 5634 1
7776 7776 1
 
5926 5926 1
10912 10912 1
8994 8994 1
7403 7403 1
7274 7274 1
7122 7122 1
9040 9040 1
8947 8947 1
8895 8895 1
9920 9920 1
6324 6324 1
9951 9951 1
8244 8244 1
8773 8773 1
7236 7236 1
8089 8089 1
8454 8454 1
9646 9646 1
10591 10591 1
8963 8963 1
6881 6881 1
8159 8159 1
8610 8610 1
8966 8966 1
6497 6497 1
 
9945 9945 1
8600 8600 1
8338 8338 1
10206 10206 1
9002 9002 1
8251 8251 1
7683 7683 1
9920 9920 1
8146 8146 1
11222 11222 1
11525 11525 1
9767 9767 1
9223 9223 1
11511 11511 1
10025 10025 1
9611 9611 1
9363 9363 1
8997 8997 1
15159 15159 1
14531 14531 1
8527 8527 1
8484 8484 1
8724 8724 1
8529 8529 1
9415 9415 1
 
12957 12957 1
11314 11314 1
9433 9433 1
13200 13200 1
10577 10577 1
13530 13530 1
9950 9950 1
10835 10835 1
11940 11940 1
9579 9579 1
12589 12589 1
13023 13023 1
9133 9133 1
13290 13290 1
8997 8997 1
12730 12730 1
9658 9658 1
10721 10721 1
11162 11162 1
9993 9993 1
9661 9661 1
11902 11902 1
10382 10382 1
12847 12847 1
9050 9050 1
 
12216 12216 1
15938 15938 1
12346 12346 1
12240 12240 1
10963 10963 1
13691 13691 1
10410 10410 1
14553 14553 1
10426 10426 1
10924 10924 1
15166 15166 1
15115 15115 1
10300 10300 1
12983 12983 1
10981 10981 1
12420 12420 1
10978 10978 1
10870 10870 1
11898 11898 1
9232 9232 1
13248 13248 1
9644 9644 1
12725 12725 1
10323 10323 1
11551 11551 1
 
16540 16540 1
13709 13709 1
14888 14888 1
13037 13037 1
16704 16704 1
16121 16121 1
13923 13923 1
11966 11966 1
12214 12214 1
15157 15157 1
12634 12634 1
11944 11944 1
12741 12741 1
12845 12845 1
10854 10854 1
13281 13281 1
14787 14787 1
13275 13275 1
17424 17424 1
10338 10338 1
11256 11256 1
13367 13367 1
13497 13497 1
11205 11205 1
11739 11739 1
 
13758 13758 1
14028 14028 1
14349 14349 1
14340 14340 1
13709 13709 1
12324 12324 1
13455 13455 1
13462 13462 1
11624 11624 1
14170 14170 1
17699 17699 1
10114 10114 1
15080 15080 1
17246 17246 1
14506 14506 1
16531 16531 1
12518 12518 1
14545 14545 1
10648 10648 1
15141 15141 1
12941 12941 1
14472 14472 1
18487 18487 1
16189 16189 1
12436 12436 1
 
15620 15620 1
13918 13918 1
15674 15674 1
16406 16406 1
17880 17880 1
16333 16333 1
15080 15080 1
13553 13553 1
13531 13531 1
18805 18805 1
14414 14414 1
14884 14884 1
15790 15790 1
13742 13742 1
14173 14173 1
16835 16835 1
15901 15901 1
15776 15776 1
13637 13637 1
15991 15991 1
17192 17192 1
16321 16321 1
23214 23214 1
14377 14377 1
13561 13561 1
 
15540 15540 1
19357 19357 1
16961 16961 1
14871 14871 1
16005 16005 1
15507 15507 1
13919 13919 1
16577 16577 1
16340 16340 1
14999 14999 1
18072 18072 1
17285 17285 1
16670 16670 1
22425 22425 1
12889 12889 1
14395 14395 1
16242 16242 1
16339 16339 1
15875 15875 1
13311 13311 1
18545 18545 1
14261 14261 1
18999 18999 1
14951 14951 1
13189 13189 1
 
15594 15594 1
17115 17115 1
14905 14905 1
15913 15913 1
20528 20528 1
16738 16738 1
21598 21598 1
18862 18862 1
18199 18199 1
15135 15135 1
16821 16821 1
15454 15454 1
16466 16466 1
14912 14912 1
15300 15300 1
18451 18451 1
16901 16901 1
16054 16054 1
16324 16324 1
16689 16689 1
17950 17950 1
16816 16816 1
16381 16381 1
19266 19266 1
18890 18890 1
 
24604 24604 1
20713 20713 1
20379 20379 1
15700 15700 1
18658 18658 1
15931 15931 1
20278 20278 1
16922 16922 1
16849 16849 1
22641 22641 1
17288 17288 1
23580 23580 1
18337 18337 1
19698 19698 1
17402 17402 1
22968 22968 1
17829 17829 1
17175 17175 1
19103 19103 1
21575 21575 1
17279 17279 1
18522 18522 1
18778 18778 1
18982 18982 1
18199 18199 1
 
15703 15703 1
18496 18496 1
15941 15941 1
19970 19970 1
16408 16408 1
16959 16959 1
20925 20925 1
21106 21106 1
17607 17607 1
17623 17623 1
18695 18695 1
16553 16553 1
27523 27523 1
18149 18149 1
26908 26908 1
22472 22472 1
17833 17833 1
21513 21513 1
22413 22413 1
22748 22748 1
20676 20676 1
20907 20907 1
19894 19894 1
18404 18404 1
20243 20243 1
 
18960 18960 1
20590 20590 1
17135 17135 1
20453 20453 1
16287 16287 1
22643 22643 1
19299 19299 1
19867 19867 1
20897 20897 1
19663 19663 1
21217 21217 1
22305 22305 1
23394 23394 1
21282 21282 1
22155 22155 1
20506 20506 1
17933 17933 1
17389 17389 1
41272 41272 1
25255 25255 1
20340 20340 1
24675 24675 1
23584 23584 1
18112 18112 1
20848 20848 1
 
25749 25749 1
23492 23492 1
23831 23831 1
21175 21175 1
21494 21494 1
19235 19235 1
21312 21312 1
19210 19210 1
22837 22837 1
21989 21989 1
17897 17897 1
25871 25871 1
23050 23051 0
21541 21541 1
19317 19317 1
21312 21312 1
21022 21022 1
21927 21928 0
21723 21723 1
21254 21254 1
18340 18340 1
24127 24127 1
17164 17164 1
26983 26983 1
22258 22258 1
 
23946 23946 1
24042 24042 1
22003 22003 1
27508 27509 0
28710 28710 1
20963 20963 1
22219 22219 1
26030 26030 1
23749 23749 1
22449 22449 1
21400 21400 1
20303 20303 1
24320 24320 1
25264 25264 1
21012 21012 1
21720 21720 1
21337 21337 1
26528 26528 1
18029 18029 1
22899 22899 1
22478 22478 1
23809 23809 1
22072 22072 1
21385 21385 1
26596 26596 1
 
3876 19369 0
4535 20012 0
6112 30960 0
4164 22992 0
5262 29427 0
4708 27228 0
4474 26855 0
4570 27327 0
4336 23860 0
4920 29990 0
4178 20379 0
4590 24514 0
3992 22883 0
4658 26001 0
3896 22620 0
4394 21063 0
4096 20185 0
4360 21612 0
4155 22890 0
3656 27456 0
4390 24733 0
3578 19867 0
4000 21437 0
4603 25476 0
4603 25377 0
 
1598 18089 0
1669 18138 0
1680 18633 0
1958 20160 0
3261 35170 0
1986 20649 0
1935 21743 0
1976 21297 0
1940 21886 0
1803 18433 0
2420 25902 0
1926 22251 0
1632 19209 0
1874 19759 0
1900 19947 0
1883 21216 0
1734 19542 0
1907 19842 0
1690 19988 0
1686 19066 0
1593 19138 0
1939 22083 0
1772 19985 0
1568 16916 0
1724 20019 0
 
===
