273 273 1
457 457 1
109 109 1
503 503 1
387 387 1
122 122 1
161 161 1
207 207 1
123 123 1
123 123 1
136 136 1
373 373 1
188 188 1
452 452 1
669 669 1
336 336 1
306 306 1
112 112 1
220 220 1
184 184 1
772 772 1
278 278 1
912 912 1
360 360 1
635 635 1
 
538 538 1
351 351 1
247 247 1
382 382 1
732 732 1
1175 1175 1
498 498 1
264 264 1
285 285 1
227 227 1
458 458 1
228 228 1
1445 1445 1
617 617 1
1256 1256 1
411 411 1
561 561 1
646 646 1
1370 1370 1
272 272 1
211 211 1
444 444 1
291 291 1
756 756 1
350 350 1
 
936 936 1
420 420 1
577 577 1
509 509 1
611 611 1
425 425 1
1309 1309 1
720 720 1
547 547 1
559 559 1
470 470 1
637 637 1
882 882 1
514 514 1
381 381 1
288 288 1
536 536 1
623 623 1
1279 1279 1
401 401 1
386 386 1
1191 1191 1
291 291 1
760 760 1
1625 1625 1
 
1367 1367 1
562 562 1
530 530 1
571 571 1
624 624 1
1659 1659 1
1301 1301 1
706 706 1
885 885 1
652 652 1
971 971 1
1752 1752 1
610 610 1
1394 1394 1
452 452 1
817 817 1
419 419 1
617 617 1
800 800 1
1220 1220 1
819 819 1
1061 1062 0
959 959 1
1715 1715 1
855 855 1
 
690 690 1
2549 2549 1
1120 1120 1
772 772 1
987 987 1
515 515 1
1828 1828 1
1011 1011 1
1884 1884 1
1310 1310 1
2444 2444 1
1086 1086 1
2061 2061 1
876 876 1
1987 1987 1
1165 1165 1
1481 1481 1
1006 1006 1
717 717 1
864 864 1
1263 1263 1
792 792 1
1103 1103 1
1010 1010 1
1850 1850 1
 
1140 1140 1
1679 1679 1
1215 1215 1
559 559 1
1579 1579 1
2087 2087 1
1125 1125 1
1661 1661 1
1257 1257 1
1815 1815 1
1266 1266 1
839 839 1
962 962 1
2246 2246 1
1424 1424 1
892 892 1
1321 1321 1
623 623 1
1313 1313 1
1286 1286 1
907 907 1
1259 1259 1
1121 1121 1
1368 1368 1
1447 1447 1
 
755 755 1
1268 1268 1
2010 2010 1
1747 1747 1
1236 1236 1
1516 1516 1
1974 1974 1
2108 2108 1
1109 1109 1
2009 2009 1
2677 2681 0
833 833 1
1554 1554 1
1748 1748 1
1109 1109 1
3053 3053 1
2121 2121 1
1461 1461 1
2011 2011 1
1946 1953 0
2621 2621 1
1822 1822 1
1137 1137 1
1451 1451 1
1864 1864 1
 
1398 1398 1
2345 2345 1
3316 3316 1
1833 1833 1
1514 1514 1
2244 2244 1
2218 2218 1
1805 1805 1
894 894 1
1677 1677 1
1239 1239 1
3046 3046 1
2162 2162 1
2176 2176 1
1690 1690 1
2086 2086 1
2522 2522 1
1264 1264 1
2307 2307 1
1002 1002 1
1568 1568 1
2459 2459 1
1171 1171 1
1496 1496 1
1767 1767 1
 
1365 1365 1
1762 1762 1
1337 1337 1
2603 2603 1
2268 2268 1
1881 1881 1
1573 1573 1
1310 1310 1
1906 1906 1
2681 2681 1
1684 1684 1
2323 2323 1
1703 1703 1
1414 1414 1
1404 1404 1
2251 2251 1
1643 1643 1
2501 2503 0
1905 1905 1
2070 2070 1
1894 1894 1
2866 2866 1
1365 1365 1
2235 2235 1
3125 3125 1
 
1899 1899 1
2054 2054 1
2636 2636 1
2365 2366 0
2843 2843 1
1726 1726 1
2223 2223 1
2524 2524 1
3146 3146 1
2667 2667 1
1894 1894 1
2751 2752 0
3587 3587 1
2584 2584 1
2548 2548 1
2687 2687 1
2025 2025 1
2776 2776 1
3451 3451 1
2286 2286 1
1753 1753 1
1639 1639 1
1842 1842 1
2365 2365 1
2235 2235 1
 
3030 3030 1
1393 1393 1
3877 3877 1
3657 3657 1
1614 1614 1
2264 2264 1
2288 2288 1
2373 2373 1
2543 2543 1
2391 2391 1
1699 1699 1
1929 1929 1
2563 2563 1
2629 2629 1
2339 2339 1
1809 1809 1
2128 2128 1
1823 1823 1
1969 1969 1
1177 1177 1
1738 1738 1
1716 1716 1
2199 2200 0
1940 1940 1
2150 2150 1
 
1767 1767 1
5072 5072 1
3051 3052 0
2017 2017 1
3258 3259 0
2202 2202 1
4488 4490 0
3044 3044 1
4009 4010 0
2113 2113 1
1700 1700 1
2473 2473 1
2553 2553 1
2241 2241 1
2119 2119 1
4331 4331 1
2957 2957 1
2395 2395 1
3977 3977 1
3843 3843 1
2165 2165 1
1793 1793 1
1636 1636 1
1488 1488 1
1906 1906 1
 
2829 2829 1
1478 1478 1
3329 3329 1
2717 2717 1
2729 2729 1
2254 2254 1
2248 2248 1
2144 2144 1
3002 3002 1
3242 3242 1
2814 2814 1
2438 2438 1
2777 2777 1
3158 3158 1
2158 2158 1
2397 2397 1
1900 1900 1
2658 2658 1
1468 1468 1
2537 2537 1
2600 2600 1
2386 2386 1
2910 2910 1
3020 3020 1
1841 1841 1
 
2695 2695 1
2661 2661 1
2706 2706 1
2367 2367 1
3135 3135 1
2731 2731 1
3737 3737 1
3474 3474 1
2948 2948 1
3691 3691 1
3212 3212 1
4434 4434 1
2573 2573 1
3707 3707 1
2608 2608 1
3773 3774 0
1950 1950 1
2648 2648 1
3523 3523 1
2412 2412 1
2609 2609 1
2919 2919 1
3721 3729 0
3143 3143 1
2498 2498 1
 
2730 2730 1
3061 3061 1
5442 5442 1
1874 1874 1
2992 2992 1
3345 3345 1
3780 3780 1
4702 4702 1
2666 2666 1
4007 4007 1
3267 3267 1
2574 2574 1
2700 2700 1
3749 3753 0
3615 3615 1
2642 2642 1
3399 3399 1
2702 2702 1
2760 2763 0
4112 4112 1
2811 2812 0
4006 4007 0
2993 2993 1
2938 2938 1
3088 3088 1
 
3718 3719 0
2917 2917 1
3390 3390 1
3458 3458 1
1855 1855 1
2737 2737 1
2850 2850 1
3081 3081 1
5181 5181 1
4394 4394 1
3906 3907 0
4065 4066 0
3630 3630 1
3691 3691 1
2868 2868 1
3783 3786 0
3935 3935 1
4221 4221 1
2682 2682 1
3762 3762 1
3852 3852 1
3798 3798 1
2115 2115 1
2993 2993 1
4951 4951 1
 
2687 2687 1
3887 3891 0
5972 5976 0
2631 2631 1
2668 2668 1
3804 3814 0
3559 3560 0
3121 3121 1
3484 3484 1
3258 3258 1
3015 3016 0
5228 5229 0
4669 4676 0
3275 3278 0
3667 3667 1
4433 4437 0
3321 3321 1
3075 3075 1
5728 5729 0
3417 3418 0
3472 3472 1
3554 3554 1
3172 3172 1
2832 2832 1
2502 2502 1
 
3407 3407 1
2767 2767 1
3256 3257 0
5247 5249 0
4410 4436 0
3856 3858 0
2662 2663 0
3822 3823 0
3404 3404 1
3613 3613 1
3101 3101 1
3005 3005 1
3882 3898 0
3224 3250 0
4134 4139 0
3507 3507 1
3671 3674 0
3530 3530 1
3032 3032 1
3799 3799 1
3548 3548 1
3551 3552 0
3778 3778 1
5467 5495 0
4250 4250 1
 
3944 3950 0
3323 3323 1
3345 3347 0
3341 3341 1
4202 4203 0
5386 5388 0
3842 3853 0
3439 3439 1
3820 3821 0
4797 4798 0
3050 3056 0
3148 3148 1
4631 4631 1
5236 5263 0
5368 5395 0
4177 4228 0
3643 3645 0
5760 5762 0
4027 4028 0
3973 3979 0
4148 4150 0
3880 3886 0
4678 4684 0
4530 4532 0
3468 3470 0
 
4322 4420 0
3879 3886 0
3581 3584 0
3431 3433 0
4874 4879 0
4519 4575 0
5886 5912 0
4798 4798 1
3030 3033 0
4056 4145 0
4713 4737 0
4272 4311 0
3846 3847 0
4755 4774 0
3488 3488 1
3869 3871 0
4335 4409 0
4950 4983 0
5219 5219 1
4185 4187 0
5700 5703 0
4109 4138 0
4102 4104 0
4732 4778 0
5047 5133 0
 
4045 4074 0
3879 3910 0
3507 3544 0
5254 5364 0
3219 3333 0
3650 3701 0
3256 3291 0
3767 3807 0
5847 5955 0
4100 4113 0
4333 4397 0
4406 4495 0
4285 4378 0
3888 3943 0
3664 3682 0
4449 4497 0
4434 4481 0
4623 4730 0
5789 5902 0
4535 4645 0
3251 3265 0
4449 4475 0
4021 4103 0
3963 4001 0
4634 4678 0
 
526 5911 0
700 5660 0
406 4711 0
420 4778 0
468 4244 0
410 4792 0
599 4942 0
516 4551 0
391 3755 0
493 4954 0
582 5353 0
355 3350 0
446 4728 0
445 4821 0
556 6269 0
440 5159 0
507 5163 0
408 3812 0
418 3761 0
578 4802 0
488 4550 0
409 4028 0
528 4735 0
643 6629 0
372 4028 0
 
244 3484 0
272 3882 0
209 3507 0
147 3349 0
315 4192 0
213 3653 0
202 2932 0
243 3559 0
258 4437 0
257 3356 0
325 4435 0
266 4191 0
268 4187 0
214 3777 0
230 3552 0
280 3627 0
248 3748 0
165 3218 0
275 3653 0
217 3271 0
217 3732 0
299 3973 0
318 3547 0
238 3743 0
242 4110 0
 
===
