869 869 1
936 936 1
1115 1115 1
813 813 1
1211 1211 1
650 650 1
1843 1843 1
773 773 1
1685 1685 1
962 962 1
984 984 1
980 980 1
1811 1811 1
1584 1584 1
677 677 1
852 852 1
986 986 1
651 651 1
1092 1092 1
845 845 1
1039 1039 1
1068 1068 1
1073 1073 1
831 831 1
564 564 1
 
2689 2689 1
1627 1627 1
1978 1978 1
1760 1760 1
2509 2509 1
2928 2928 1
2630 2630 1
3096 3096 1
2270 2270 1
1655 1655 1
2192 2192 1
1777 1777 1
1185 1185 1
1361 1361 1
1087 1087 1
1385 1385 1
1586 1586 1
1787 1787 1
2420 2420 1
1895 1895 1
2274 2274 1
2055 2055 1
3744 3744 1
1713 1713 1
1635 1635 1
 
4169 4169 1
4189 4189 1
3471 3471 1
4197 4197 1
4139 4139 1
2539 2539 1
3279 3279 1
3611 3611 1
5968 5968 1
2502 2502 1
2782 2782 1
3551 3551 1
2943 2943 1
4755 4755 1
2295 2295 1
2284 2284 1
3565 3565 1
3746 3746 1
4869 4869 1
3696 3696 1
2980 2980 1
3037 3037 1
2572 2572 1
2542 2542 1
5227 5227 1
 
2841 2841 1
3402 3402 1
5165 5165 1
3550 3550 1
4256 4256 1
3052 3052 1
4940 4940 1
3729 3729 1
4249 4249 1
3494 3494 1
4680 4680 1
4590 4590 1
3824 3824 1
6206 6206 1
4096 4096 1
3519 3519 1
3584 3584 1
4750 4750 1
6152 6152 1
5716 5716 1
4036 4036 1
7829 7829 1
3870 3870 1
3619 3619 1
3656 3656 1
 
4518 4518 1
5135 5135 1
4137 4137 1
7234 7234 1
4893 4893 1
4269 4269 1
5939 5939 1
5935 5935 1
4753 4753 1
4216 4216 1
3723 3723 1
4309 4309 1
6603 6603 1
5681 5681 1
5273 5273 1
5454 5454 1
4974 4974 1
5158 5158 1
6242 6242 1
5202 5202 1
3993 3993 1
6062 6062 1
5000 5000 1
4617 4617 1
5072 5072 1
 
6071 6071 1
4539 4539 1
5385 5385 1
6843 6843 1
6318 6318 1
5388 5388 1
7831 7831 1
4461 4461 1
5669 5669 1
5925 5925 1
4357 4357 1
3858 3858 1
6378 6378 1
6278 6278 1
6984 6984 1
6092 6092 1
4974 4974 1
6157 6157 1
5358 5358 1
5039 5039 1
7245 7245 1
9041 9041 1
6883 6883 1
5480 5480 1
4566 4566 1
 
6842 6842 1
6276 6276 1
7674 7674 1
6365 6365 1
7574 7574 1
8544 8544 1
6911 6911 1
10782 10782 1
9430 9430 1
9889 9889 1
6925 6925 1
6469 6469 1
6914 6914 1
7397 7397 1
4735 4735 1
7174 7174 1
9415 9415 1
6891 6891 1
7843 7843 1
8249 8249 1
8139 8139 1
8545 8545 1
9575 9575 1
5632 5632 1
7798 7798 1
 
5935 5935 1
10925 10925 1
8996 8996 1
7404 7404 1
7270 7270 1
7238 7238 1
9038 9038 1
9008 9008 1
8871 8871 1
9930 9930 1
6327 6327 1
9956 9956 1
8242 8242 1
8786 8786 1
7236 7236 1
8118 8118 1
8450 8450 1
9629 9629 1
10599 10599 1
8964 8964 1
6889 6889 1
8145 8145 1
8616 8616 1
9103 9103 1
6491 6491 1
 
9912 9912 1
8607 8607 1
8357 8357 1
10200 10200 1
9008 9008 1
8244 8244 1
7687 7687 1
9920 9920 1
8144 8144 1
11185 11185 1
11531 11531 1
9772 9772 1
9226 9226 1
11509 11509 1
10056 10056 1
9613 9613 1
9344 9344 1
8984 8984 1
14686 14686 1
11898 11898 1
8752 8752 1
8496 8496 1
8752 8752 1
9940 9940 1
9137 9137 1
 
13539 13539 1
11452 11452 1
9476 9476 1
13163 13163 1
9504 9504 1
13850 13850 1
10296 10296 1
10834 10834 1
11855 11855 1
9567 9567 1
12607 12607 1
12709 12709 1
9120 9120 1
12364 12364 1
9045 9045 1
12737 12737 1
9657 9657 1
10721 10721 1
11024 11024 1
9997 9997 1
9669 9669 1
11947 11947 1
10375 10375 1
12855 12855 1
9049 9049 1
 
12195 12195 1
15950 15950 1
12328 12328 1
12168 12168 1
10945 10945 1
13704 13704 1
10409 10409 1
14606 14606 1
10693 10693 1
10940 10940 1
15185 15185 1
15125 15125 1
10284 10284 1
12956 12956 1
10975 10975 1
12426 12426 1
10981 10981 1
10873 10873 1
12273 12273 1
9231 9231 1
13254 13254 1
9634 9634 1
12722 12722 1
10318 10318 1
11550 11550 1
 
16522 16522 1
13713 13713 1
14690 14690 1
12985 12985 1
16695 16695 1
13921 13921 1
13790 13790 1
11938 11938 1
12779 12779 1
15200 15200 1
12602 12602 1
11911 11911 1
13607 13608 0
12856 12856 1
10782 10782 1
13313 13313 1
14766 14766 1
13293 13293 1
17346 17346 1
10357 10357 1
11138 11138 1
13390 13390 1
13415 13415 1
11202 11202 1
11729 11729 1
 
13833 13833 1
14043 14043 1
14346 14346 1
16548 16548 1
13693 13693 1
12334 12334 1
13458 13458 1
13486 13486 1
11602 11602 1
14154 14154 1
17701 17701 1
10141 10141 1
15116 15116 1
17630 17630 1
14516 14516 1
16512 16512 1
12518 12518 1
14552 14552 1
10666 10666 1
15156 15156 1
12934 12934 1
14467 14467 1
16669 16669 1
15845 15845 1
12461 12461 1
 
15749 15749 1
16083 16083 1
15639 15639 1
16312 16312 1
17679 17679 1
16355 16355 1
15079 15079 1
13532 13532 1
13809 13809 1
18789 18789 1
14423 14423 1
15002 15002 1
15651 15651 1
13740 13740 1
14199 14199 1
16890 16891 0
15888 15888 1
15771 15771 1
13637 13637 1
15988 15988 1
17292 17292 1
16321 16321 1
17751 17751 1
14385 14385 1
13554 13554 1
 
15494 15494 1
19340 19340 1
16979 16979 1
14844 14844 1
15990 15990 1
15510 15510 1
13927 13927 1
16576 16576 1
16332 16332 1
14976 14976 1
18059 18059 1
17278 17279 0
16678 16678 1
24640 24640 1
12879 12879 1
14434 14434 1
16337 16337 1
16372 16372 1
15955 15955 1
13409 13409 1
18533 18533 1
14239 14239 1
19105 19105 1
14898 14898 1
13199 13199 1
 
15495 15495 1
16940 16940 1
14908 14908 1
15907 15907 1
20462 20463 0
16541 16541 1
21566 21566 1
18897 18897 1
18174 18176 0
15094 15094 1
16804 16804 1
15446 15446 1
16428 16428 1
14938 14938 1
15301 15301 1
18455 18455 1
16883 16883 1
16066 16066 1
16363 16363 1
16696 16696 1
17966 17966 1
16794 16794 1
16404 16404 1
20220 20220 1
18885 18885 1
 
24592 24592 1
33393 33393 1
21737 21737 1
15594 15594 1
18473 18473 1
15999 15999 1
20336 20338 0
17114 17114 1
17433 17433 1
22780 22781 0
17307 17307 1
21669 21669 1
17924 17924 1
19700 19700 1
17289 17289 1
22952 22952 1
17776 17776 1
17141 17141 1
19091 19091 1
21670 21670 1
17325 17325 1
18584 18584 1
18802 18802 1
18990 18990 1
18220 18220 1
 
15715 15715 1
18500 18500 1
15995 15995 1
19987 19987 1
16418 16418 1
16955 16955 1
20918 20918 1
21090 21090 1
17588 17588 1
17580 17580 1
18683 18683 1
16559 16559 1
20525 20525 1
18017 18017 1
24779 24779 1
22426 22426 1
17811 17813 0
21673 21673 1
22393 22394 0
22710 22711 0
20811 20811 1
21053 21053 1
19934 19934 1
18407 18407 1
20143 20143 1
 
18909 18909 1
20620 20620 1
17155 17155 1
20449 20449 1
16254 16254 1
22621 22621 1
19332 19332 1
19828 19828 1
20876 20876 1
19632 19632 1
21257 21257 1
22308 22308 1
23391 23391 1
21255 21255 1
22493 22496 0
20475 20476 0
17933 17933 1
18007 18007 1
39523 39523 1
25340 25340 1
22603 22603 1
24672 24672 1
23514 23514 1
18230 18230 1
23689 23689 1
 
25642 25643 0
23546 23546 1
23319 23319 1
21233 21233 1
21509 21513 0
19229 19230 0
21325 21328 0
19205 19207 0
22839 22839 1
21882 21882 1
17907 17907 1
25865 25865 1
23036 23038 0
21528 21530 0
19300 19300 1
21295 21299 0
21030 21031 0
21957 21957 1
21684 21685 0
21251 21251 1
18324 18324 1
24097 24098 0
17170 17170 1
41216 41216 1
23661 23661 1
 
23845 23846 0
24032 24034 0
21912 21913 0
23090 23093 0
28770 28773 0
20946 20947 0
21783 21785 0
25950 25950 1
23803 23806 0
22436 22442 0
21360 21360 1
20288 20289 0
23671 23671 1
25240 25241 0
20954 20956 0
21766 21766 1
23214 23214 1
26521 26524 0
18043 18044 0
22452 22452 1
22474 22476 0
23813 23813 1
22034 22034 1
21367 21368 0
24491 24491 1
 
2466 18781 0
2676 19566 0
3311 23749 0
2652 22024 0
3218 27759 0
3249 25312 0
3090 25152 0
3151 25487 0
2667 22896 0
3038 27064 0
2518 19583 0
2937 24217 0
2826 21525 0
3395 24408 0
2734 21361 0
2561 20621 0
2759 19517 0
2556 21097 0
2574 20746 0
2781 24903 0
3041 23118 0
2215 19578 0
2840 21087 0
2650 23186 0
2750 24745 0
 
1348 16581 0
1324 16868 0
1647 17459 0
1683 18687 0
2285 27915 0
1613 19014 0
1473 18629 0
1583 19484 0
1557 19571 0
1473 17286 0
1910 21062 0
1556 20080 0
1338 17957 0
1572 17907 0
1742 18496 0
1580 19597 0
1575 17742 0
1525 18392 0
1354 18094 0
1301 17777 0
1320 17560 0
1618 20641 0
1436 18569 0
1271 15703 0
1484 18513 0
 
===
