872 872 1
939 939 1
1114 1114 1
814 814 1
1211 1211 1
647 647 1
1841 1841 1
774 774 1
1682 1682 1
964 964 1
983 983 1
981 981 1
1813 1813 1
1582 1582 1
736 736 1
849 849 1
983 983 1
654 654 1
1354 1354 1
846 846 1
1039 1039 1
1076 1076 1
1072 1072 1
826 826 1
565 565 1
 
2692 2692 1
1634 1634 1
1973 1973 1
1768 1768 1
2518 2518 1
2918 2918 1
2591 2591 1
3092 3092 1
2264 2264 1
1658 1658 1
2190 2190 1
1776 1776 1
1185 1185 1
1371 1371 1
1083 1083 1
1389 1389 1
1589 1589 1
1790 1790 1
2415 2415 1
1890 1890 1
2273 2273 1
2060 2060 1
3740 3740 1
1716 1716 1
1640 1640 1
 
4165 4165 1
4194 4194 1
3575 3575 1
4187 4187 1
4147 4147 1
2542 2542 1
3266 3266 1
3616 3616 1
5961 5961 1
2494 2494 1
2775 2775 1
3346 3346 1
2939 2939 1
4743 4743 1
2297 2297 1
2287 2287 1
3562 3562 1
3750 3750 1
4874 4874 1
3686 3686 1
2980 2980 1
3037 3037 1
2576 2576 1
2543 2543 1
5228 5228 1
 
2839 2839 1
3403 3403 1
5168 5168 1
3551 3551 1
4259 4259 1
3051 3051 1
4937 4937 1
3737 3737 1
4254 4254 1
3489 3489 1
4680 4680 1
4589 4589 1
3829 3829 1
6212 6212 1
4103 4103 1
3561 3561 1
3583 3583 1
4721 4721 1
6155 6155 1
5720 5720 1
4041 4041 1
7827 7827 1
3869 3869 1
3616 3616 1
3656 3656 1
 
4523 4523 1
5141 5141 1
4133 4133 1
7227 7227 1
4893 4893 1
4265 4265 1
5949 5949 1
5943 5943 1
4749 4749 1
4211 4211 1
3729 3729 1
4307 4307 1
6605 6605 1
5684 5684 1
5269 5269 1
5452 5452 1
4972 4972 1
5161 5161 1
6258 6258 1
5209 5209 1
3987 3987 1
6059 6059 1
4995 4995 1
4613 4613 1
5071 5071 1
 
6069 6069 1
4540 4540 1
5383 5383 1
6833 6833 1
6326 6326 1
5386 5386 1
7832 7832 1
4459 4459 1
5671 5671 1
5916 5916 1
4358 4358 1
3861 3861 1
6377 6377 1
6278 6278 1
7629 7629 1
6089 6089 1
4969 4969 1
6163 6163 1
5363 5363 1
5855 5855 1
6663 6663 1
6821 6821 1
6839 6839 1
5453 5453 1
4492 4492 1
 
6874 6874 1
6324 6324 1
7389 7389 1
6419 6419 1
7607 7607 1
8493 8493 1
6896 6896 1
10737 10737 1
9478 9478 1
9838 9838 1
6891 6891 1
6456 6456 1
6894 6894 1
7401 7401 1
4723 4723 1
7098 7098 1
9370 9370 1
6870 6870 1
7956 7956 1
8201 8201 1
8158 8158 1
8545 8545 1
9577 9577 1
5630 5630 1
7794 7794 1
 
5935 5935 1
10916 10916 1
9002 9002 1
7409 7409 1
7263 7263 1
7212 7212 1
9038 9038 1
8939 8939 1
8873 8873 1
9923 9923 1
6320 6320 1
9955 9955 1
8232 8232 1
8830 8830 1
7238 7238 1
8087 8087 1
8444 8444 1
9631 9631 1
10608 10608 1
8962 8962 1
6896 6896 1
8142 8142 1
8608 8608 1
8951 8951 1
6504 6504 1
 
9920 9920 1
8602 8602 1
9159 9159 1
10212 10212 1
9007 9007 1
8250 8250 1
7685 7685 1
9925 9925 1
8140 8140 1
11182 11182 1
11534 11534 1
9775 9775 1
9732 9732 1
11503 11503 1
10005 10005 1
9625 9625 1
9355 9355 1
8991 8991 1
15181 15181 1
10800 10800 1
8608 8608 1
8619 8619 1
8864 8864 1
8625 8625 1
9097 9097 1
 
13019 13019 1
11361 11361 1
9418 9418 1
13183 13183 1
9571 9571 1
13528 13528 1
10105 10105 1
11503 11503 1
11861 11861 1
9620 9620 1
12719 12719 1
12679 12679 1
9129 9129 1
12400 12400 1
9099 9099 1
12751 12751 1
9661 9661 1
10720 10720 1
11022 11022 1
10001 10001 1
9673 9673 1
11973 11973 1
10397 10397 1
12850 12850 1
9043 9043 1
 
12204 12204 1
15941 15941 1
12313 12313 1
12164 12164 1
10952 10952 1
13687 13687 1
10424 10424 1
14556 14556 1
10268 10268 1
10925 10925 1
15213 15213 1
15109 15109 1
10286 10286 1
12984 12984 1
10991 10991 1
12430 12430 1
10976 10976 1
10864 10864 1
11888 11888 1
9263 9263 1
13255 13255 1
9636 9636 1
12723 12723 1
10330 10330 1
11556 11556 1
 
16896 16896 1
15127 15127 1
14648 14648 1
14049 14049 1
16683 16683 1
13881 13881 1
13921 13921 1
11961 11961 1
12153 12153 1
15235 15235 1
14369 14369 1
11938 11938 1
12736 12736 1
12897 12897 1
10790 10790 1
13314 13314 1
14796 14796 1
13299 13299 1
17346 17346 1
10346 10346 1
11148 11148 1
13354 13354 1
13422 13422 1
11212 11212 1
11762 11762 1
 
13765 13765 1
14026 14026 1
14345 14346 0
14339 14339 1
13706 13706 1
12350 12350 1
13460 13460 1
13459 13459 1
11589 11589 1
14156 14156 1
17683 17683 1
10131 10131 1
15086 15086 1
17277 17277 1
14515 14515 1
16532 16532 1
12536 12536 1
14545 14545 1
10660 10660 1
15140 15140 1
12938 12938 1
25358 25358 1
12413 12413 1
15679 15679 1
12418 12418 1
 
15737 15737 1
13783 13783 1
15611 15611 1
16502 16502 1
17637 17637 1
16253 16253 1
15054 15054 1
13528 13528 1
13693 13693 1
18806 18806 1
14427 14427 1
14881 14881 1
15645 15645 1
13752 13752 1
14205 14205 1
17484 17484 1
15914 15914 1
15718 15718 1
13664 13664 1
16005 16005 1
17213 17213 1
16341 16341 1
17719 17719 1
14374 14374 1
13548 13548 1
 
15503 15503 1
19333 19333 1
16987 16987 1
14832 14832 1
15999 15999 1
15527 15527 1
13937 13937 1
16567 16567 1
16341 16341 1
14990 14990 1
18079 18079 1
17291 17291 1
16672 16673 0
23257 23258 0
12876 12876 1
14950 14950 1
16360 16360 1
16544 16544 1
15850 15850 1
13521 13521 1
18612 18612 1
14288 14288 1
19054 19054 1
14925 14925 1
13116 13116 1
 
15510 15510 1
16931 16931 1
14925 14925 1
15936 15936 1
20447 20447 1
16477 16478 0
21510 21510 1
18911 18911 1
18158 18158 1
15113 15113 1
16845 16845 1
15442 15442 1
16445 16445 1
14936 14936 1
15308 15308 1
18462 18462 1
16903 16904 0
16081 16081 1
16720 16720 1
16714 16714 1
17943 17943 1
16815 16815 1
16395 16395 1
19272 19272 1
18918 18918 1
 
24604 24605 0
30415 30415 1
19157 19157 1
15594 15594 1
18387 18387 1
15899 15899 1
20267 20268 0
17013 17013 1
16905 16905 1
22609 22609 1
17379 17379 1
21886 21886 1
17857 17857 1
19716 19718 0
17318 17318 1
22977 22977 1
17783 17783 1
17131 17131 1
19094 19094 1
21683 21683 1
17267 17267 1
18583 18584 0
18798 18799 0
18993 18993 1
18232 18232 1
 
15738 15738 1
18491 18491 1
15953 15953 1
20004 20004 1
16402 16403 0
16974 16974 1
20915 20917 0
21059 21059 1
17586 17586 1
17577 17577 1
18685 18686 0
24598 24600 0
20654 20654 1
18254 18254 1
23219 23220 0
22469 22469 1
18474 18474 1
21492 21492 1
22411 22411 1
22716 22720 0
20665 20668 0
21038 21038 1
19943 19943 1
18395 18395 1
20164 20164 1
 
18921 18921 1
20621 20621 1
17138 17138 1
20476 20479 0
16224 16224 1
22611 22611 1
19342 19342 1
19841 19841 1
20884 20884 1
19639 19640 0
21238 21238 1
22300 22302 0
23368 23369 0
21251 21251 1
22507 22508 0
20496 20496 1
17934 17934 1
17372 17372 1
32531 32531 1
27350 27350 1
20070 20071 0
24719 24723 0
23545 23545 1
18179 18180 0
21282 21282 1
 
25671 25671 1
23612 23614 0
23379 23380 0
21105 21106 0
21527 21534 0
19212 19214 0
21291 21291 1
19156 19158 0
22782 22787 0
21908 21908 1
17980 17980 1
25847 25849 0
23064 23069 0
21549 21550 0
19297 19297 1
21304 21305 0
21034 21035 0
21932 21935 0
21695 21697 0
21245 21245 1
18343 18344 0
24135 24136 0
17177 17179 0
38488 38488 1
22358 22359 0
 
17327 23704 0
12208 23722 0
15357 21641 0
15936 22987 0
13237 28365 0
14549 20817 0
13299 21696 0
11540 25934 0
13166 23782 0
11116 22433 0
14571 21391 0
14161 20304 0
14036 23732 0
13906 25306 0
16520 20943 0
19146 24503 0
12485 21292 0
11046 26561 0
17234 18058 0
17174 22462 0
14533 22485 0
10592 23804 0
16868 22024 0
13475 21727 0
15028 24468 0
 
1835 17719 0
2733 25130 0
2489 22394 0
2228 20354 0
2627 25538 0
2404 23622 0
2460 23354 0
2394 22896 0
1903 20730 0
2516 24221 0
1987 18290 0
2268 22361 0
2166 19716 0
2471 22609 0
2089 19655 0
2114 19556 0
2089 19024 0
2102 19651 0
2039 19450 0
2134 22372 0
2273 21513 0
1786 18595 0
2051 19698 0
2442 21456 0
2198 22974 0
 
1219 15519 0
1233 15823 0
1346 16297 0
1510 17463 0
1321 18018 0
1507 17381 0
1263 17314 0
1457 18440 0
1549 19864 0
1302 16164 0
1606 19431 0
1335 18695 0
1290 16841 0
1404 16635 0
1566 17276 0
1381 18471 0
1261 16448 0
1337 17238 0
1203 16763 0
1223 16597 0
1268 16375 0
1519 18789 0
1235 17413 0
1148 14746 0
1306 17381 0
 
===
