273 273 1
457 457 1
109 109 1
503 503 1
387 387 1
122 122 1
161 161 1
207 207 1
123 123 1
123 123 1
136 136 1
373 373 1
188 188 1
451 451 1
669 669 1
336 336 1
306 306 1
112 112 1
220 220 1
184 184 1
772 772 1
278 278 1
912 912 1
360 360 1
635 635 1
 
537 537 1
351 351 1
247 247 1
382 382 1
733 733 1
1176 1176 1
499 499 1
264 264 1
285 285 1
226 226 1
457 457 1
227 227 1
1446 1446 1
618 618 1
1256 1256 1
412 412 1
559 559 1
645 645 1
1369 1369 1
272 272 1
211 211 1
444 444 1
291 291 1
757 757 1
350 350 1
 
937 937 1
420 420 1
578 578 1
510 510 1
610 610 1
408 408 1
1308 1308 1
721 721 1
547 547 1
558 558 1
477 477 1
639 639 1
883 883 1
514 514 1
380 380 1
288 288 1
534 534 1
621 621 1
1279 1279 1
402 402 1
384 384 1
1196 1196 1
291 291 1
762 762 1
1624 1624 1
 
1367 1367 1
566 566 1
529 529 1
574 574 1
626 626 1
1661 1661 1
1303 1303 1
706 706 1
891 891 1
655 655 1
969 969 1
1751 1751 1
609 609 1
1393 1393 1
452 452 1
820 820 1
419 419 1
617 617 1
803 803 1
1217 1217 1
822 822 1
1059 1059 1
961 961 1
1715 1715 1
853 853 1
 
690 690 1
2550 2550 1
1119 1119 1
770 770 1
984 984 1
518 518 1
1829 1829 1
1013 1013 1
1888 1888 1
1311 1311 1
2453 2453 1
1085 1085 1
2057 2057 1
879 879 1
1991 1991 1
1161 1161 1
1481 1481 1
1006 1006 1
717 717 1
868 868 1
1264 1264 1
794 794 1
1105 1105 1
1011 1011 1
1850 1850 1
 
1141 1141 1
1679 1679 1
1217 1217 1
559 559 1
1579 1579 1
2087 2087 1
1125 1125 1
1660 1660 1
1257 1257 1
1814 1814 1
1264 1264 1
839 839 1
962 962 1
2246 2246 1
1424 1424 1
892 892 1
1324 1324 1
623 623 1
1310 1310 1
1286 1286 1
906 906 1
1259 1259 1
1121 1121 1
1369 1369 1
1445 1445 1
 
755 755 1
1268 1268 1
2000 2000 1
1745 1745 1
1236 1236 1
1515 1515 1
1974 1974 1
2111 2111 1
1109 1109 1
2007 2007 1
2681 2681 1
833 833 1
1554 1554 1
1748 1748 1
1110 1110 1
3056 3056 1
2123 2123 1
1462 1462 1
2011 2011 1
1953 1953 1
2622 2622 1
1825 1825 1
1137 1137 1
1455 1455 1
1866 1866 1
 
1398 1398 1
2344 2344 1
3319 3319 1
1833 1833 1
1514 1514 1
2245 2245 1
2218 2218 1
1806 1806 1
893 893 1
1678 1678 1
1238 1238 1
3048 3048 1
2156 2156 1
2177 2177 1
1690 1690 1
2087 2087 1
2521 2521 1
1264 1264 1
2306 2306 1
1003 1003 1
1569 1569 1
2461 2461 1
1173 1173 1
1497 1497 1
1767 1767 1
 
1365 1365 1
1763 1763 1
1337 1337 1
2603 2603 1
2268 2268 1
1880 1880 1
1575 1575 1
1313 1313 1
1903 1903 1
2682 2682 1
1684 1684 1
2321 2321 1
1702 1702 1
1408 1408 1
1405 1405 1
2249 2249 1
1644 1644 1
2500 2500 1
1905 1905 1
2070 2070 1
1894 1894 1
2865 2865 1
1366 1366 1
2235 2235 1
3126 3126 1
 
1901 1901 1
2051 2051 1
2635 2635 1
2365 2365 1
2842 2842 1
1727 1727 1
2224 2224 1
2527 2527 1
3147 3147 1
2663 2663 1
1894 1894 1
2752 2752 1
3583 3583 1
2585 2585 1
2549 2549 1
2687 2687 1
2025 2025 1
2775 2775 1
3452 3452 1
2286 2286 1
1752 1752 1
1640 1640 1
1843 1843 1
2365 2365 1
2236 2236 1
 
3031 3031 1
1393 1393 1
3879 3879 1
3657 3657 1
1613 1613 1
2267 2267 1
2287 2287 1
2370 2370 1
2539 2539 1
2391 2391 1
1697 1697 1
1929 1929 1
2567 2567 1
2629 2629 1
2338 2338 1
1810 1810 1
2132 2132 1
1821 1821 1
1969 1969 1
1177 1177 1
1736 1736 1
1717 1717 1
2197 2197 1
1938 1938 1
2149 2149 1
 
1769 1769 1
5071 5071 1
3053 3053 1
2017 2017 1
3257 3257 1
2203 2203 1
4492 4492 1
3043 3043 1
4009 4009 1
2116 2116 1
1700 1700 1
2474 2474 1
2551 2551 1
2241 2241 1
2118 2118 1
4329 4329 1
2958 2958 1
2194 2194 1
3633 3633 1
3931 3931 1
2412 2412 1
1903 1903 1
1730 1730 1
1475 1475 1
1886 1886 1
 
2901 2901 1
1477 1477 1
3306 3306 1
2709 2709 1
2773 2773 1
2253 2253 1
2271 2271 1
2153 2153 1
3004 3004 1
3234 3234 1
2825 2825 1
2448 2448 1
2793 2793 1
3160 3160 1
2166 2166 1
2380 2380 1
1902 1902 1
2666 2666 1
1471 1471 1
2551 2551 1
2601 2601 1
2383 2383 1
2914 2914 1
3016 3016 1
1844 1844 1
 
2700 2700 1
2681 2681 1
2698 2698 1
2357 2357 1
3138 3138 1
2730 2730 1
3737 3737 1
3461 3461 1
2959 2959 1
3692 3692 1
3208 3208 1
4439 4439 1
2572 2572 1
3720 3720 1
2610 2610 1
3773 3773 1
1952 1952 1
2645 2645 1
3523 3523 1
2413 2413 1
2610 2610 1
2940 2940 1
3761 3761 1
3140 3140 1
2492 2492 1
 
2734 2734 1
3058 3058 1
5437 5437 1
1877 1877 1
2995 2995 1
3330 3330 1
3779 3779 1
4701 4701 1
2662 2662 1
4005 4005 1
3261 3261 1
2570 2570 1
2691 2691 1
3750 3750 1
3611 3611 1
2642 2642 1
3403 3403 1
2705 2705 1
2761 2761 1
4109 4109 1
2810 2810 1
4011 4011 1
2994 2994 1
2940 2940 1
3077 3077 1
 
3711 3711 1
2920 2920 1
3391 3391 1
3454 3454 1
1855 1855 1
2743 2743 1
2842 2842 1
3081 3081 1
5179 5179 1
4386 4386 1
3906 3906 1
4066 4066 1
3628 3628 1
3691 3691 1
2868 2868 1
3782 3782 1
3942 3942 1
4222 4222 1
2681 2681 1
3760 3760 1
3851 3851 1
3797 3797 1
2117 2117 1
2993 2993 1
4954 4954 1
 
2684 2684 1
3893 3893 1
5971 5971 1
2627 2627 1
2666 2666 1
3815 3815 1
3560 3560 1
3122 3122 1
3491 3491 1
3260 3260 1
3019 3019 1
5228 5228 1
4678 4678 1
3276 3276 1
3673 3673 1
4445 4445 1
3319 3319 1
3078 3078 1
5725 5725 1
3420 3420 1
3470 3470 1
3547 3547 1
3174 3174 1
2831 2831 1
2502 2502 1
 
3409 3409 1
2768 2768 1
3262 3262 1
5244 5244 1
4427 4427 1
3858 3858 1
2663 2663 1
3825 3825 1
3403 3403 1
3613 3613 1
3102 3102 1
3005 3005 1
3900 3901 0
3249 3250 0
4138 4138 1
3503 3503 1
3672 3672 1
3531 3531 1
3029 3029 1
3805 3805 1
3552 3552 1
3551 3551 1
3774 3774 1
5494 5494 1
4247 4247 1
 
3959 3960 0
3327 3327 1
3344 3345 0
2744 2744 1
3742 3742 1
6261 6261 1
4340 4340 1
3466 3466 1
3856 3856 1
4798 4798 1
3074 3076 0
3620 3620 1
4647 4647 1
5263 5264 0
5398 5398 1
4261 4265 0
3626 3626 1
5774 5774 1
4026 4026 1
4700 4700 1
4157 4157 1
3882 3882 1
4682 4683 0
4503 4503 1
3471 3471 1
 
4399 4412 0
3893 3896 0
3585 3585 1
3447 3447 1
4858 4858 1
4566 4568 0
5924 5928 0
4817 4817 1
3017 3017 1
4142 4145 0
4748 4750 0
4298 4299 0
3852 3852 1
4642 4644 0
3477 3477 1
3875 3876 0
4378 4386 0
4978 4980 0
5285 5285 1
4183 4183 1
5700 5700 1
4137 4139 0
4101 4101 1
4768 4772 0
5125 5134 0
 
4066 4072 0
3910 3911 0
3543 3549 0
5353 5354 0
3310 3331 0
3677 3698 0
3287 3289 0
3799 3805 0
5937 5949 0
4105 4105 1
4393 4395 0
4491 4502 0
4359 4371 0
3942 3949 0
3684 3688 0
4489 4497 0
4473 4480 0
4728 4728 1
5901 5907 0
4627 4636 0
3268 3268 1
4468 4470 0
4092 4103 0
3993 3999 0
4671 4672 0
 
758 6302 0
995 6029 0
643 4713 0
673 4868 0
714 4461 0
711 5138 0
916 4943 0
821 4555 0
610 3749 0
857 5324 0
874 5480 0
585 3354 0
731 4740 0
764 4961 0
853 6821 0
686 5154 0
742 5677 0
626 3988 0
665 3834 0
883 4960 0
835 4548 0
663 4024 0
787 4728 0
965 7388 0
517 4024 0
 
295 3634 0
337 4172 0
254 3723 0
165 3447 0
346 4683 0
270 3972 0
248 3070 0
304 3806 0
329 4858 0
315 3613 0
404 4829 0
321 4733 0
297 4526 0
251 3993 0
254 3863 0
300 3789 0
307 3859 0
203 3314 0
317 3929 0
260 3430 0
238 3822 0
351 4433 0
380 3798 0
281 4009 0
297 4454 0
 
===
