273 273 1
457 457 1
109 109 1
503 503 1
387 387 1
122 122 1
161 161 1
207 207 1
123 123 1
123 123 1
136 136 1
373 373 1
188 188 1
452 452 1
669 669 1
336 336 1
306 306 1
112 112 1
220 220 1
184 184 1
772 772 1
278 278 1
912 912 1
360 360 1
634 634 1
 
538 538 1
349 349 1
248 248 1
382 382 1
733 733 1
1179 1179 1
498 498 1
264 264 1
285 285 1
226 226 1
458 458 1
228 228 1
1450 1450 1
617 617 1
1257 1257 1
411 411 1
559 559 1
645 645 1
1368 1368 1
274 274 1
211 211 1
444 444 1
291 291 1
757 757 1
350 350 1
 
937 937 1
420 420 1
577 577 1
509 509 1
610 610 1
411 411 1
1317 1317 1
719 719 1
546 546 1
558 558 1
473 473 1
638 638 1
883 883 1
514 514 1
380 380 1
288 288 1
535 535 1
622 622 1
1278 1278 1
403 403 1
387 387 1
1190 1190 1
291 291 1
760 760 1
1626 1626 1
 
1368 1368 1
562 562 1
529 529 1
569 569 1
624 624 1
1657 1657 1
1303 1303 1
708 708 1
885 885 1
651 651 1
974 974 1
1755 1755 1
612 612 1
1393 1393 1
453 453 1
817 817 1
420 420 1
617 617 1
800 800 1
1222 1222 1
817 817 1
1060 1060 1
960 960 1
1712 1712 1
850 850 1
 
688 688 1
2548 2548 1
1119 1119 1
770 770 1
984 984 1
516 516 1
1829 1829 1
1013 1013 1
1885 1885 1
1314 1314 1
2450 2450 1
1083 1083 1
2053 2054 0
880 880 1
1982 1982 1
1163 1163 1
1479 1479 1
1007 1007 1
716 716 1
864 864 1
1267 1267 1
795 795 1
1101 1101 1
1010 1010 1
1850 1850 1
 
1141 1141 1
1680 1680 1
1215 1215 1
560 560 1
1580 1580 1
2087 2087 1
1126 1126 1
1660 1660 1
1257 1257 1
1815 1815 1
1265 1265 1
839 839 1
962 962 1
2250 2250 1
1424 1424 1
892 892 1
1321 1321 1
623 623 1
1313 1313 1
1286 1286 1
906 906 1
1259 1259 1
1121 1121 1
1368 1368 1
1445 1445 1
 
756 756 1
1268 1268 1
1997 1997 1
1746 1746 1
1236 1236 1
1515 1515 1
1974 1974 1
2111 2111 1
1109 1109 1
2006 2006 1
2682 2682 1
836 836 1
1554 1554 1
1749 1749 1
1109 1109 1
3056 3056 1
2123 2123 1
1458 1458 1
2012 2012 1
1953 1953 1
2620 2620 1
1824 1824 1
1138 1138 1
1450 1450 1
1866 1866 1
 
1399 1399 1
2346 2346 1
3316 3316 1
1831 1831 1
1514 1514 1
2244 2244 1
2220 2220 1
1805 1805 1
893 893 1
1677 1677 1
1239 1239 1
3049 3049 1
2156 2156 1
2178 2178 1
1694 1694 1
2085 2085 1
2521 2521 1
1265 1265 1
2307 2307 1
1002 1002 1
1569 1569 1
2461 2461 1
1171 1171 1
1496 1496 1
1767 1767 1
 
1366 1366 1
1765 1765 1
1340 1340 1
2603 2603 1
2266 2266 1
1883 1883 1
1573 1573 1
1312 1312 1
1905 1905 1
2682 2682 1
1684 1684 1
2323 2323 1
1702 1702 1
1416 1416 1
1404 1404 1
2251 2251 1
1654 1654 1
2499 2500 0
1906 1906 1
2071 2071 1
1894 1894 1
2864 2865 0
1365 1365 1
2235 2235 1
3125 3125 1
 
1899 1899 1
2052 2052 1
2635 2635 1
2363 2365 0
2843 2843 1
1726 1726 1
2225 2225 1
2531 2531 1
3145 3145 1
2662 2662 1
1896 1896 1
2752 2752 1
3592 3592 1
2587 2587 1
2548 2548 1
2687 2687 1
2028 2028 1
2780 2780 1
3451 3451 1
2287 2287 1
1752 1752 1
1640 1640 1
1842 1842 1
2366 2366 1
2234 2234 1
 
3026 3026 1
1396 1396 1
3878 3878 1
3656 3656 1
1612 1612 1
2267 2267 1
2286 2286 1
2371 2371 1
2542 2542 1
2390 2390 1
1699 1699 1
1931 1931 1
2564 2564 1
2630 2630 1
2338 2338 1
1811 1811 1
2128 2128 1
1820 1820 1
1969 1969 1
1177 1177 1
1737 1737 1
1720 1720 1
2198 2198 1
1938 1938 1
2149 2149 1
 
1767 1767 1
5080 5080 1
3052 3052 1
2016 2016 1
3256 3256 1
2202 2202 1
4488 4488 1
3043 3043 1
4007 4007 1
2114 2114 1
1702 1702 1
2474 2474 1
2550 2550 1
2242 2242 1
2117 2117 1
4331 4331 1
2961 2961 1
2195 2195 1
3636 3636 1
3985 3985 1
2567 2567 1
1936 1936 1
1755 1755 1
1481 1481 1
1892 1892 1
 
2907 2907 1
1471 1471 1
3310 3310 1
2710 2710 1
2736 2736 1
2257 2257 1
2248 2248 1
2143 2143 1
3001 3001 1
3218 3218 1
2819 2819 1
2434 2434 1
2775 2775 1
3156 3156 1
2168 2168 1
2401 2401 1
1900 1900 1
2663 2663 1
1472 1472 1
2542 2542 1
2618 2618 1
2378 2378 1
2906 2906 1
3007 3007 1
1834 1834 1
 
2692 2692 1
2666 2666 1
2701 2701 1
2393 2393 1
3133 3133 1
2728 2728 1
3751 3751 1
3461 3461 1
2947 2947 1
3663 3663 1
3212 3214 0
4430 4430 1
2573 2573 1
3698 3698 1
2624 2624 1
3770 3770 1
1953 1953 1
2647 2647 1
3528 3528 1
2424 2424 1
2617 2617 1
2941 2941 1
3745 3749 0
3141 3141 1
2494 2494 1
 
2730 2730 1
3054 3054 1
5447 5447 1
1874 1874 1
2992 2992 1
3328 3328 1
3778 3778 1
4716 4716 1
2662 2662 1
4005 4005 1
3269 3269 1
2574 2574 1
2698 2698 1
3750 3750 1
3610 3610 1
2643 2643 1
3411 3411 1
2701 2701 1
2767 2768 0
4112 4112 1
2809 2809 1
4007 4008 0
2996 2996 1
2942 2942 1
3077 3077 1
 
3711 3712 0
2917 2917 1
3389 3389 1
3452 3452 1
1852 1852 1
2734 2737 0
2847 2847 1
3079 3079 1
5176 5176 1
4388 4388 1
3902 3903 0
4061 4062 0
3627 3627 1
3687 3687 1
2868 2868 1
3784 3785 0
3937 3937 1
4217 4217 1
2678 2678 1
3761 3761 1
3851 3851 1
3798 3799 0
2114 2114 1
2992 2992 1
4955 4955 1
 
2682 2682 1
3889 3894 0
5965 5967 0
2627 2627 1
2668 2668 1
3800 3810 0
3557 3559 0
3129 3129 1
3489 3489 1
3261 3261 1
3016 3017 0
5225 5228 0
4674 4677 0
3275 3279 0
3670 3670 1
4439 4441 0
3314 3314 1
3075 3075 1
5724 5725 0
3413 3414 0
3468 3468 1
3546 3546 1
3169 3169 1
2829 2829 1
2499 2499 1
 
3410 3410 1
2768 2768 1
3260 3260 1
5250 5250 1
4412 4429 0
3853 3859 0
2665 2666 0
3823 3823 1
3404 3404 1
3617 3617 1
3098 3098 1
3005 3005 1
3890 3901 0
3227 3247 0
4135 4135 1
3503 3503 1
3672 3672 1
3528 3528 1
3029 3029 1
3798 3798 1
3549 3549 1
3550 3550 1
3776 3776 1
5464 5490 0
4250 4250 1
 
3951 3954 0
3324 3324 1
3342 3345 0
2741 2741 1
4312 4312 1
6242 6244 0
4277 4300 0
3467 3467 1
3855 3858 0
4798 4799 0
3036 3043 0
3143 3143 1
4607 4609 0
5257 5280 0
5363 5391 0
4213 4248 0
3924 3926 0
5797 5799 0
4015 4015 1
4706 4708 0
4144 4145 0
3913 3915 0
4690 4697 0
4526 4528 0
3456 3458 0
 
4324 4414 0
3884 3892 0
3569 3573 0
3457 3460 0
4872 4874 0
4514 4586 0
5878 5909 0
4812 4814 0
3019 3026 0
4105 4147 0
4721 4740 0
4281 4317 0
3956 3959 0
4618 4640 0
3472 3473 0
3867 3874 0
4310 4393 0
4919 4957 0
5293 5293 1
4206 4207 0
5705 5707 0
4114 4145 0
4095 4099 0
4727 4773 0
5007 5127 0
 
3926 4079 0
3884 3909 0
3272 3546 0
5005 5371 0
3026 3329 0
3540 3698 0
3108 3291 0
3706 3809 0
5564 5947 0
4099 4110 0
4135 4390 0
4112 4494 0
4050 4380 0
3786 3949 0
3585 3687 0
4303 4498 0
4286 4484 0
4529 4732 0
5681 5902 0
4430 4640 0
3154 3266 0
4347 4470 0
3848 4107 0
3865 3999 0
4519 4679 0
 
423 5326 0
512 5122 0
320 4654 0
332 4395 0
379 4093 0
352 4462 0
441 4797 0
424 4350 0
291 3595 0
420 4461 0
459 4902 0
296 3276 0
362 4289 0
375 4648 0
413 5784 0
376 5013 0
376 4806 0
317 3630 0
346 3605 0
439 4536 0
364 4240 0
332 3991 0
437 4651 0
494 5831 0
281 4030 0
 
238 3385 0
254 3664 0
191 3326 0
143 3206 0
259 3852 0
204 3459 0
183 2833 0
222 3378 0
249 4123 0
246 3201 0
312 4155 0
252 3969 0
231 3868 0
200 3657 0
224 3356 0
236 3444 0
222 3602 0
162 3126 0
250 3429 0
203 3146 0
195 3629 0
275 3744 0
283 3372 0
212 3574 0
220 3804 0
 
===
