870 870 1
936 936 1
1115 1115 1
817 817 1
1210 1210 1
650 650 1
1846 1846 1
774 774 1
1685 1685 1
962 962 1
984 984 1
983 983 1
1809 1809 1
1581 1581 1
674 674 1
850 850 1
984 984 1
649 649 1
1055 1055 1
847 847 1
1037 1037 1
1069 1069 1
1070 1070 1
849 849 1
562 562 1
 
2690 2690 1
1632 1632 1
1986 1986 1
1761 1761 1
2511 2511 1
2917 2917 1
2582 2582 1
3093 3093 1
2267 2267 1
1648 1648 1
2183 2183 1
1775 1775 1
1184 1184 1
1388 1388 1
1081 1081 1
1393 1393 1
1582 1582 1
1794 1794 1
2416 2416 1
1888 1888 1
2275 2275 1
2057 2057 1
3745 3745 1
1708 1708 1
1634 1634 1
 
4163 4163 1
4198 4198 1
3394 3394 1
4178 4178 1
4155 4155 1
2546 2546 1
3282 3282 1
3623 3623 1
5977 5977 1
2492 2492 1
2783 2783 1
3374 3374 1
2980 2980 1
4748 4748 1
2296 2296 1
2281 2281 1
3564 3564 1
3745 3745 1
4876 4876 1
3685 3685 1
2979 2979 1
3038 3038 1
2577 2577 1
2543 2543 1
5229 5229 1
 
2838 2838 1
3402 3402 1
5159 5159 1
3551 3551 1
4257 4257 1
3058 3058 1
4939 4939 1
3728 3728 1
4253 4253 1
3493 3493 1
4679 4679 1
4618 4618 1
3827 3827 1
6202 6202 1
4098 4098 1
3521 3521 1
3585 3585 1
4723 4723 1
6181 6181 1
5718 5718 1
4032 4032 1
7828 7828 1
3871 3871 1
3626 3626 1
3660 3660 1
 
4517 4517 1
5140 5140 1
4138 4138 1
7232 7232 1
4898 4898 1
4266 4266 1
5993 5993 1
5941 5941 1
5708 5708 1
4214 4214 1
3721 3721 1
4312 4312 1
6605 6605 1
5684 5684 1
5274 5274 1
5452 5452 1
4970 4970 1
5225 5225 1
6243 6243 1
5205 5205 1
3987 3987 1
6058 6058 1
4994 4994 1
4620 4620 1
5071 5071 1
 
6066 6066 1
4540 4540 1
5386 5386 1
6825 6825 1
6332 6332 1
5394 5394 1
7833 7833 1
4459 4459 1
5667 5667 1
5924 5924 1
4360 4360 1
3857 3857 1
6380 6380 1
6281 6281 1
6976 6976 1
6090 6090 1
4971 4971 1
6164 6164 1
5362 5362 1
5050 5050 1
5314 5314 1
8036 8036 1
7183 7183 1
5464 5464 1
4612 4612 1
 
6854 6854 1
6338 6338 1
7290 7290 1
6410 6410 1
7681 7681 1
8471 8471 1
6921 6921 1
10812 10812 1
9410 9410 1
9885 9885 1
6929 6929 1
6445 6445 1
7572 7572 1
7423 7423 1
4766 4766 1
8313 8313 1
9412 9412 1
6881 6881 1
7758 7758 1
8410 8410 1
8144 8144 1
8543 8543 1
9556 9556 1
5630 5630 1
7790 7790 1
 
5926 5926 1
10920 10920 1
8987 8987 1
7409 7409 1
7284 7284 1
7123 7123 1
9037 9037 1
8961 8961 1
8922 8922 1
9923 9923 1
6330 6330 1
9968 9968 1
8240 8240 1
8787 8787 1
7240 7240 1
8093 8093 1
8451 8451 1
9634 9634 1
10609 10609 1
8967 8967 1
6882 6882 1
8148 8148 1
8604 8604 1
8960 8960 1
6509 6509 1
 
9956 9956 1
8591 8591 1
8343 8343 1
10214 10214 1
9004 9004 1
8252 8252 1
7686 7686 1
9928 9928 1
8146 8146 1
11195 11195 1
11534 11534 1
9768 9768 1
9231 9231 1
11510 11510 1
10010 10010 1
9605 9605 1
9381 9381 1
8988 8988 1
10474 10474 1
14607 14607 1
8691 8691 1
8528 8528 1
8807 8807 1
8557 8557 1
9175 9175 1
 
12953 12953 1
11300 11300 1
9430 9430 1
13202 13202 1
9508 9508 1
13625 13625 1
9956 9956 1
10809 10809 1
11876 11876 1
9591 9591 1
12635 12635 1
12984 12984 1
9124 9124 1
12397 12397 1
9014 9014 1
12760 12760 1
9691 9691 1
10715 10715 1
11070 11070 1
9999 9999 1
9666 9666 1
11909 11909 1
10421 10421 1
12846 12846 1
9040 9040 1
 
12232 12232 1
15936 15936 1
12377 12377 1
12205 12205 1
10951 10951 1
13718 13718 1
10422 10422 1
14565 14565 1
10300 10300 1
10939 10939 1
15168 15168 1
15121 15121 1
10293 10293 1
12962 12962 1
10976 10976 1
12441 12441 1
10969 10969 1
10867 10867 1
11906 11906 1
9256 9256 1
13281 13281 1
9645 9645 1
12722 12722 1
10312 10312 1
11532 11532 1
 
17317 17317 1
13711 13711 1
14931 14931 1
12970 12970 1
16671 16671 1
13920 13920 1
13950 13950 1
12208 12208 1
12252 12252 1
15570 15570 1
12618 12618 1
11948 11948 1
12776 12776 1
12862 12862 1
12567 12567 1
13403 13403 1
14774 14774 1
13329 13329 1
17439 17439 1
10343 10343 1
11191 11191 1
13350 13350 1
13453 13453 1
11219 11219 1
11754 11754 1
 
13775 13775 1
14021 14021 1
14352 14352 1
14347 14347 1
13713 13713 1
12336 12336 1
13464 13464 1
13467 13467 1
11598 11598 1
14169 14169 1
17699 17699 1
10122 10122 1
15093 15093 1
17257 17258 0
14502 14502 1
16523 16523 1
12522 12522 1
14537 14537 1
10683 10683 1
15155 15155 1
12941 12941 1
14513 14513 1
18674 18675 0
15980 15980 1
12476 12476 1
 
15597 15597 1
13906 13907 0
15705 15705 1
16339 16339 1
17684 17684 1
16266 16266 1
15035 15035 1
13564 13564 1
13597 13597 1
18933 18933 1
14434 14434 1
14879 14879 1
15723 15723 1
13771 13771 1
14176 14176 1
16830 16830 1
15914 15914 1
15764 15764 1
13652 13652 1
15991 15991 1
17204 17204 1
16344 16344 1
17738 17738 1
14387 14387 1
13559 13559 1
 
15511 15511 1
19360 19360 1
16989 16989 1
14850 14850 1
15998 15998 1
15509 15509 1
13937 13937 1
16583 16583 1
16326 16326 1
14992 14992 1
18042 18042 1
17278 17278 1
16673 16673 1
16732 16732 1
13379 13379 1
16291 16291 1
16279 16279 1
16420 16420 1
15946 15946 1
14523 14523 1
18711 18711 1
14251 14251 1
19089 19089 1
15225 15225 1
13235 13235 1
 
15765 15765 1
17918 17918 1
14907 14907 1
15946 15946 1
20535 20535 1
16698 16698 1
21574 21574 1
18881 18881 1
18180 18180 1
15138 15138 1
16835 16835 1
15467 15467 1
16466 16466 1
14923 14923 1
15294 15294 1
18433 18433 1
16915 16915 1
16079 16079 1
16329 16329 1
16695 16695 1
17966 17966 1
16796 16796 1
16410 16410 1
19300 19300 1
18911 18911 1
 
24611 24611 1
18084 18084 1
19978 19978 1
15767 15767 1
18685 18687 0
15950 15951 0
21133 21134 0
17086 17086 1
16885 16885 1
22663 22663 1
17338 17338 1
21791 21791 1
18690 18690 1
19720 19720 1
17426 17426 1
22962 22962 1
17758 17758 1
17154 17154 1
19122 19122 1
21601 21601 1
17265 17266 0
18573 18574 0
18786 18787 0
18996 18996 1
18226 18227 0
 
15726 15726 1
18492 18492 1
15933 15933 1
19981 19981 1
16401 16401 1
16942 16942 1
20921 20922 0
21103 21103 1
17621 17621 1
17642 17642 1
18673 18673 1
16565 16567 0
29260 29260 1
18107 18108 0
23345 23345 1
24841 24842 0
19225 19225 1
21688 21688 1
22380 22382 0
22691 22691 1
20625 20626 0
23379 23381 0
19933 19933 1
18406 18406 1
20210 20210 1
 
18952 18952 1
20590 20590 1
17167 17167 1
20468 20469 0
16249 16249 1
22630 22632 0
19326 19326 1
19868 19869 0
20901 20901 1
19676 19676 1
21224 21224 1
22304 22304 1
23394 23394 1
21281 21281 1
22162 22162 1
20487 20487 1
17938 17938 1
17399 17399 1
41127 41127 1
24803 24804 0
20346 20346 1
24652 24654 0
23562 23562 1
18523 18523 1
20903 20903 1
 
26488 26489 0
23477 23477 1
28343 28343 1
21139 21139 1
21480 21481 0
19233 19233 1
21298 21298 1
19157 19158 0
22798 22804 0
21937 21937 1
17914 17914 1
25860 25862 0
23523 23532 0
21553 21554 0
19311 19311 1
21281 21284 0
21003 21003 1
21937 21937 1
21702 21702 1
21282 21283 0
18372 18372 1
24108 24108 1
17180 17180 1
29421 29421 1
22340 22343 0
 
14651 24876 0
13040 24249 0
16890 21773 0
14369 22961 0
12292 28374 0
15002 20903 0
17015 22104 0
12261 26035 0
13810 23765 0
14590 22468 0
16047 21358 0
13020 20328 0
16615 23724 0
13733 25248 0
15152 20962 0
14351 21741 0
15204 21322 0
8970 26578 0
17364 18060 0
17466 22497 0
13406 22459 0
13057 23800 0
13343 22050 0
14870 21356 0
11904 24443 0
 
2034 17745 0
2096 18879 0
3627 31113 0
2320 21261 0
2672 27470 0
2401 23623 0
2790 26319 0
2461 23196 0
2136 21042 0
2542 24474 0
2019 18313 0
2307 22441 0
2059 19914 0
2489 22613 0
2192 19726 0
2170 19668 0
2118 18556 0
2064 19819 0
2023 19580 0
2298 22592 0
2063 21586 0
1954 18867 0
2271 19794 0
2196 21841 0
2310 23180 0
 
1173 15526 0
1180 15847 0
1384 16466 0
1505 18010 0
2444 31825 0
1472 17522 0
1279 17379 0
1417 18462 0
1324 18233 0
1285 16224 0
1635 19635 0
1337 18795 0
1269 16944 0
1379 16564 0
1543 17317 0
1446 18494 0
1329 16503 0
1272 17370 0
1148 16786 0
1287 16815 0
1205 16439 0
1448 18951 0
1287 17446 0
1180 14979 0
1348 17538 0
 
===
