273 273 1
457 457 1
109 109 1
503 503 1
387 387 1
122 122 1
161 161 1
207 207 1
123 123 1
123 123 1
136 136 1
373 373 1
188 188 1
451 451 1
669 669 1
336 336 1
306 306 1
112 112 1
220 220 1
184 184 1
772 772 1
278 278 1
912 912 1
360 360 1
637 637 1
 
538 538 1
349 349 1
249 249 1
383 383 1
732 732 1
1175 1175 1
500 500 1
264 264 1
285 285 1
226 226 1
459 459 1
227 227 1
1446 1446 1
618 618 1
1257 1257 1
411 411 1
559 559 1
645 645 1
1367 1367 1
272 272 1
212 212 1
444 444 1
292 292 1
756 756 1
350 350 1
 
935 935 1
421 421 1
577 577 1
509 509 1
611 611 1
408 408 1
1311 1311 1
722 722 1
547 547 1
559 559 1
472 472 1
637 637 1
881 881 1
515 515 1
380 380 1
288 288 1
535 535 1
621 621 1
1279 1279 1
401 401 1
384 384 1
1192 1192 1
291 291 1
761 761 1
1630 1630 1
 
1369 1369 1
566 566 1
529 529 1
570 570 1
626 626 1
1659 1659 1
1302 1302 1
709 709 1
885 885 1
653 653 1
972 972 1
1750 1750 1
609 609 1
1395 1395 1
455 455 1
819 819 1
421 421 1
617 617 1
799 799 1
1217 1217 1
821 821 1
1060 1060 1
958 958 1
1713 1713 1
851 851 1
 
689 689 1
2542 2543 0
1121 1121 1
771 771 1
984 984 1
516 516 1
1830 1830 1
1011 1011 1
1885 1885 1
1309 1309 1
2441 2441 1
1086 1086 1
2057 2057 1
877 877 1
1982 1982 1
1161 1161 1
1478 1478 1
1005 1005 1
719 719 1
867 867 1
1268 1268 1
792 792 1
1102 1102 1
1010 1010 1
1850 1850 1
 
1143 1143 1
1679 1679 1
1215 1215 1
559 559 1
1582 1582 1
2087 2087 1
1125 1125 1
1660 1660 1
1264 1264 1
1815 1815 1
1264 1264 1
841 841 1
962 962 1
2249 2249 1
1424 1424 1
892 892 1
1324 1324 1
623 623 1
1309 1309 1
1287 1287 1
906 906 1
1259 1259 1
1121 1121 1
1368 1368 1
1447 1447 1
 
755 755 1
1267 1267 1
1997 1997 1
1747 1747 1
1237 1237 1
1516 1516 1
1976 1976 1
2109 2109 1
1109 1109 1
2006 2006 1
2680 2680 1
833 833 1
1553 1553 1
1748 1748 1
1110 1110 1
3052 3052 1
2122 2122 1
1462 1462 1
2011 2011 1
1952 1953 0
2620 2620 1
1822 1822 1
1137 1137 1
1450 1450 1
1865 1865 1
 
1399 1399 1
2344 2344 1
3316 3316 1
1832 1832 1
1515 1515 1
2248 2248 1
2218 2218 1
1806 1806 1
894 894 1
1679 1679 1
1238 1238 1
3046 3046 1
2158 2158 1
2177 2177 1
1691 1691 1
2085 2085 1
2520 2520 1
1266 1266 1
2306 2306 1
1004 1004 1
1567 1567 1
2459 2459 1
1172 1172 1
1496 1496 1
1767 1767 1
 
1368 1368 1
1762 1762 1
1337 1337 1
2605 2605 1
2273 2273 1
1880 1880 1
1573 1573 1
1315 1315 1
1912 1912 1
2683 2683 1
1683 1683 1
2321 2321 1
1702 1702 1
1407 1407 1
1404 1404 1
2251 2251 1
1642 1642 1
2497 2499 0
1906 1906 1
2068 2068 1
1896 1896 1
2862 2868 0
1365 1365 1
2236 2236 1
3125 3125 1
 
1899 1899 1
2051 2051 1
2634 2634 1
2364 2366 0
2844 2844 1
1730 1730 1
2224 2224 1
2525 2525 1
3146 3146 1
2665 2665 1
1894 1894 1
2751 2751 1
3586 3586 1
2583 2583 1
2547 2547 1
2692 2692 1
2025 2026 0
2775 2775 1
3450 3450 1
2284 2284 1
1752 1752 1
1642 1642 1
1842 1842 1
2367 2367 1
2232 2232 1
 
3030 3030 1
1394 1394 1
3875 3875 1
3656 3656 1
1614 1614 1
2263 2263 1
2288 2288 1
2370 2370 1
2539 2539 1
2390 2390 1
1698 1698 1
1928 1928 1
2566 2566 1
2630 2630 1
2338 2338 1
1809 1809 1
2129 2129 1
1819 1819 1
1967 1967 1
1178 1178 1
1737 1737 1
1718 1718 1
2197 2197 1
1937 1937 1
2149 2149 1
 
1768 1768 1
5074 5074 1
3054 3054 1
2019 2019 1
3256 3256 1
2201 2201 1
4489 4489 1
3044 3044 1
4010 4010 1
2115 2115 1
1701 1701 1
2474 2474 1
2551 2551 1
2241 2241 1
2116 2116 1
4329 4329 1
2956 2956 1
2196 2196 1
3636 3636 1
3902 3902 1
2615 2615 1
1911 1911 1
1733 1733 1
1485 1485 1
1878 1878 1
 
2904 2904 1
1479 1479 1
3297 3297 1
2721 2721 1
2786 2786 1
2256 2256 1
2268 2268 1
2148 2148 1
3004 3004 1
3222 3222 1
2827 2827 1
2447 2447 1
2781 2781 1
3160 3160 1
2156 2156 1
2380 2380 1
1895 1895 1
2671 2671 1
1475 1475 1
2535 2535 1
2616 2616 1
2380 2380 1
2908 2908 1
3021 3021 1
1840 1840 1
 
2680 2680 1
2675 2675 1
2710 2710 1
2357 2357 1
3135 3135 1
2729 2729 1
3743 3743 1
3462 3462 1
2956 2956 1
3679 3679 1
3216 3216 1
4447 4447 1
2567 2567 1
3731 3731 1
2618 2618 1
3772 3773 0
1950 1950 1
2648 2648 1
3521 3521 1
2408 2408 1
2610 2610 1
2934 2934 1
3738 3743 0
3137 3137 1
2492 2492 1
 
2730 2730 1
3057 3057 1
5443 5443 1
1873 1873 1
3002 3002 1
3330 3330 1
3782 3782 1
4702 4703 0
2666 2666 1
4007 4007 1
3260 3260 1
2573 2573 1
2695 2695 1
3754 3755 0
3611 3611 1
2642 2642 1
3400 3401 0
2704 2704 1
2759 2763 0
4107 4107 1
2812 2813 0
4009 4009 1
2995 2995 1
2935 2935 1
3078 3078 1
 
3724 3724 1
2919 2919 1
3389 3389 1
3455 3455 1
1856 1856 1
2742 2742 1
2846 2846 1
3079 3079 1
5178 5178 1
4382 4382 1
3903 3905 0
4065 4065 1
3628 3628 1
3692 3692 1
2869 2869 1
3785 3786 0
3935 3935 1
4226 4226 1
2681 2681 1
3754 3755 0
3850 3850 1
3801 3801 1
2114 2114 1
2992 2992 1
4954 4954 1
 
2683 2683 1
3893 3893 1
5972 5972 1
2628 2628 1
2665 2665 1
3802 3809 0
3557 3558 0
3124 3124 1
3484 3484 1
3258 3258 1
3018 3018 1
5228 5229 0
4669 4675 0
3275 3277 0
3671 3671 1
4447 4450 0
3317 3317 1
3076 3077 0
5728 5728 1
3411 3412 0
3471 3471 1
3549 3549 1
3170 3170 1
2830 2830 1
2500 2500 1
 
3410 3410 1
2767 2767 1
3256 3256 1
5248 5248 1
4406 4424 0
3861 3864 0
2661 2663 0
3823 3823 1
3402 3402 1
3613 3613 1
3108 3108 1
3006 3006 1
3890 3902 0
3240 3256 0
4138 4138 1
3500 3500 1
3673 3673 1
3531 3531 1
3034 3034 1
3798 3798 1
3551 3551 1
3551 3551 1
3775 3775 1
5470 5489 0
4246 4249 0
 
3949 3951 0
3326 3326 1
3343 3346 0
2739 2739 1
3694 3694 1
6362 6364 0
4238 4256 0
3475 3475 1
3853 3854 0
4809 4811 0
3054 3057 0
3155 3156 0
4612 4613 0
5248 5271 0
5370 5387 0
4208 4241 0
3643 3643 1
5786 5786 1
4022 4022 1
3989 3991 0
4152 4152 1
3871 3873 0
4679 4686 0
4512 4513 0
3472 3474 0
 
4316 4404 0
3869 3876 0
3568 3570 0
3434 3435 0
4865 4868 0
4528 4578 0
5903 5928 0
4809 4809 1
3023 3023 1
4064 4145 0
4731 4747 0
4255 4292 0
3875 3875 1
4624 4641 0
3471 3471 1
4596 4600 0
4324 4387 0
4956 4981 0
5293 5293 1
4179 4180 0
5701 5704 0
4123 4140 0
4102 4102 1
4741 4769 0
5055 5131 0
 
4061 4077 0
3889 3911 0
3500 3547 0
5298 5358 0
3253 3335 0
3653 3699 0
3266 3290 0
3761 3804 0
5875 5947 0
4109 4113 0
4334 4393 0
4439 4496 0
4321 4378 0
3908 3943 0
3673 3685 0
4475 4494 0
4439 4485 0
4706 4737 0
5835 5908 0
4542 4637 0
3251 3267 0
4457 4475 0
4031 4104 0
3969 4000 0
4654 4683 0
 
578 5986 0
680 5838 0
426 4713 0
433 4822 0
490 4350 0
474 4936 0
633 4946 0
559 4563 0
427 3753 0
597 5134 0
612 5362 0
381 3349 0
503 4740 0
542 4868 0
502 6394 0
488 5152 0
587 5270 0
414 3882 0
480 3827 0
586 4880 0
538 4554 0
445 4027 0
559 4732 0
658 6821 0
408 4028 0
 
250 3520 0
291 3965 0
214 3592 0
146 3374 0
296 4260 0
237 3728 0
212 2956 0
249 3640 0
263 4491 0
289 3448 0
346 4511 0
281 4332 0
240 4285 0
233 3840 0
241 3663 0
267 3662 0
249 3765 0
191 3228 0
293 3698 0
225 3309 0
220 3741 0
317 4067 0
314 3570 0
241 3803 0
268 4176 0
 
===
