273 273 1
457 457 1
109 109 1
503 503 1
387 387 1
122 122 1
161 161 1
207 207 1
123 123 1
123 123 1
136 136 1
373 373 1
188 188 1
453 453 1
669 669 1
336 336 1
306 306 1
112 112 1
220 220 1
184 184 1
772 772 1
279 279 1
912 912 1
360 360 1
634 634 1
 
537 537 1
349 349 1
247 247 1
382 382 1
736 736 1
1176 1176 1
498 498 1
264 264 1
285 285 1
226 226 1
458 458 1
227 227 1
1446 1446 1
617 617 1
1258 1258 1
411 411 1
559 559 1
645 645 1
1368 1368 1
272 272 1
212 212 1
444 444 1
292 292 1
756 756 1
350 350 1
 
935 935 1
420 420 1
577 577 1
508 508 1
611 611 1
408 408 1
1310 1310 1
720 720 1
547 547 1
558 558 1
474 474 1
638 638 1
882 882 1
514 514 1
380 380 1
289 289 1
534 534 1
621 621 1
1280 1280 1
401 401 1
384 384 1
1193 1193 1
292 292 1
763 763 1
1626 1626 1
 
1370 1370 1
563 563 1
529 529 1
575 575 1
624 624 1
1662 1662 1
1304 1304 1
707 707 1
886 886 1
653 653 1
970 970 1
1750 1750 1
609 609 1
1397 1397 1
452 452 1
819 819 1
421 421 1
618 618 1
801 801 1
1217 1217 1
818 818 1
1062 1062 1
959 959 1
1713 1713 1
851 851 1
 
691 691 1
2550 2550 1
1120 1120 1
770 770 1
981 981 1
518 518 1
1827 1827 1
1009 1009 1
1885 1885 1
1313 1313 1
2451 2451 1
1085 1085 1
2056 2057 0
879 879 1
1985 1985 1
1160 1160 1
1477 1477 1
1004 1004 1
717 717 1
866 866 1
1267 1267 1
795 795 1
1102 1102 1
1010 1010 1
1851 1851 1
 
1140 1140 1
1681 1681 1
1216 1216 1
559 559 1
1580 1580 1
2087 2087 1
1125 1125 1
1660 1660 1
1258 1258 1
1816 1816 1
1264 1264 1
839 839 1
962 962 1
2248 2248 1
1425 1425 1
892 892 1
1322 1322 1
623 623 1
1310 1310 1
1287 1287 1
907 907 1
1261 1261 1
1122 1122 1
1369 1369 1
1445 1445 1
 
755 755 1
1270 1270 1
1999 1999 1
1747 1747 1
1237 1237 1
1516 1516 1
1975 1975 1
2110 2110 1
1109 1109 1
2011 2011 1
2680 2680 1
834 834 1
1553 1553 1
1748 1748 1
1109 1109 1
3052 3052 1
2123 2123 1
1458 1458 1
2013 2013 1
1953 1953 1
2620 2620 1
1826 1826 1
1137 1137 1
1451 1451 1
1865 1865 1
 
1398 1398 1
2344 2344 1
3946 3946 1
1832 1832 1
1515 1515 1
2245 2245 1
2221 2221 1
1805 1805 1
893 893 1
1677 1677 1
1238 1238 1
3047 3047 1
2157 2157 1
2180 2180 1
1693 1693 1
2087 2087 1
2522 2522 1
1267 1267 1
2309 2309 1
1002 1002 1
1571 1571 1
2462 2462 1
1171 1171 1
1496 1496 1
1767 1767 1
 
1366 1366 1
1763 1763 1
1341 1341 1
2604 2604 1
2268 2268 1
1879 1879 1
1573 1573 1
1310 1310 1
1907 1907 1
2683 2683 1
1684 1684 1
2321 2321 1
1703 1703 1
1409 1409 1
1405 1405 1
2251 2251 1
1648 1648 1
2500 2502 0
1905 1905 1
2070 2070 1
1894 1894 1
2870 2870 1
1365 1365 1
2234 2234 1
3125 3125 1
 
1898 1898 1
2050 2050 1
2637 2637 1
2362 2366 0
2842 2842 1
1727 1727 1
2226 2226 1
2535 2535 1
3147 3147 1
2662 2662 1
1895 1895 1
2753 2753 1
3587 3587 1
2585 2585 1
2549 2549 1
2687 2687 1
2025 2025 1
2776 2776 1
3453 3453 1
2284 2284 1
1756 1756 1
1639 1639 1
1841 1841 1
2366 2366 1
2232 2232 1
 
3030 3030 1
1393 1393 1
3876 3876 1
3654 3654 1
1616 1616 1
2264 2264 1
2289 2289 1
2370 2370 1
2540 2540 1
2390 2390 1
1697 1697 1
1939 1939 1
2567 2567 1
2630 2630 1
2338 2338 1
1810 1810 1
2129 2129 1
1821 1821 1
1968 1968 1
1178 1178 1
1736 1736 1
1717 1717 1
2199 2199 1
1939 1939 1
2150 2150 1
 
1769 1769 1
5072 5072 1
3057 3057 1
2016 2016 1
3258 3258 1
2202 2202 1
4494 4494 1
3044 3044 1
4007 4009 0
2110 2110 1
1700 1700 1
2474 2474 1
2552 2552 1
2243 2243 1
2119 2119 1
4330 4330 1
2957 2957 1
2196 2196 1
3631 3631 1
3937 3937 1
2380 2380 1
1892 1892 1
1852 1852 1
1487 1487 1
1885 1885 1
 
2934 2934 1
1467 1467 1
3298 3298 1
2715 2715 1
2735 2735 1
2257 2257 1
2253 2253 1
2159 2159 1
3013 3013 1
3555 3555 1
2811 2811 1
2443 2443 1
2780 2780 1
3173 3173 1
2162 2162 1
2389 2389 1
1904 1904 1
2659 2659 1
1473 1473 1
2550 2550 1
2612 2612 1
2369 2369 1
2906 2906 1
3012 3012 1
1835 1835 1
 
2690 2690 1
2674 2674 1
2698 2698 1
2360 2360 1
3137 3137 1
2723 2723 1
3728 3728 1
3493 3493 1
2942 2942 1
3674 3674 1
3213 3214 0
4434 4434 1
2577 2577 1
3708 3708 1
2633 2633 1
3780 3780 1
1945 1945 1
2643 2643 1
3529 3529 1
2422 2422 1
2610 2610 1
2934 2934 1
3749 3756 0
3135 3135 1
2494 2494 1
 
2735 2735 1
3053 3053 1
5437 5437 1
1875 1875 1
2994 2994 1
3332 3332 1
3781 3781 1
4703 4703 1
2662 2662 1
4010 4010 1
3263 3263 1
2574 2574 1
2692 2692 1
3750 3751 0
3614 3614 1
2645 2645 1
3404 3404 1
2703 2703 1
2757 2760 0
4111 4111 1
2813 2813 1
4005 4006 0
2991 2991 1
2944 2945 0
3080 3080 1
 
3712 3712 1
2917 2917 1
3387 3387 1
3453 3453 1
1853 1853 1
2738 2738 1
2846 2846 1
3080 3080 1
5176 5176 1
4385 4385 1
3906 3906 1
4065 4065 1
3627 3627 1
3695 3695 1
2870 2870 1
3783 3783 1
3936 3936 1
4215 4215 1
2677 2677 1
3759 3759 1
3844 3844 1
3797 3798 0
2114 2114 1
2990 2990 1
4950 4950 1
 
2684 2684 1
3891 3894 0
5967 5972 0
2630 2630 1
2667 2669 0
3806 3814 0
3556 3556 1
3125 3125 1
3487 3487 1
3259 3259 1
3019 3019 1
5225 5228 0
4674 4677 0
3275 3276 0
3672 3672 1
4439 4444 0
3319 3319 1
3075 3075 1
5730 5730 1
3418 3418 1
3470 3470 1
3554 3554 1
3172 3172 1
2832 2832 1
2503 2503 1
 
3408 3408 1
2764 2764 1
3257 3258 0
5245 5247 0
4403 4424 0
3862 3863 0
2661 2663 0
3824 3824 1
3405 3405 1
3612 3612 1
3103 3103 1
3004 3004 1
3892 3898 0
3225 3247 0
4134 4136 0
3502 3502 1
3672 3672 1
3528 3528 1
3031 3031 1
3806 3806 1
3550 3550 1
3552 3553 0
3779 3779 1
5470 5492 0
4251 4252 0
 
3957 3958 0
3326 3326 1
3342 3345 0
2741 2741 1
3946 3946 1
6401 6401 1
4397 4412 0
3465 3465 1
3872 3872 1
4787 4787 1
3059 3062 0
3140 3141 0
4629 4634 0
5243 5272 0
5381 5389 0
4191 4231 0
3629 3631 0
5754 5754 1
4007 4008 0
3984 3985 0
4145 4147 0
3875 3878 0
4679 4687 0
4516 4520 0
3470 3470 1
 
4313 4408 0
3869 3875 0
3586 3587 0
3437 3438 0
4858 4860 0
4540 4573 0
5903 5931 0
4825 4825 1
3015 3019 0
4073 4154 0
4719 4738 0
4276 4304 0
3857 3859 0
4614 4636 0
3468 3468 1
3878 3882 0
4322 4380 0
4950 4982 0
5285 5285 1
4180 4181 0
5696 5701 0
4117 4138 0
4103 4103 1
4727 4772 0
5064 5136 0
 
4034 4069 0
3884 3908 0
3491 3546 0
5280 5363 0
3240 3335 0
3638 3701 0
3258 3293 0
3763 3806 0
5845 5954 0
4094 4105 0
4305 4395 0
4412 4498 0
4294 4371 0
3910 3954 0
3666 3687 0
4458 4499 0
4421 4477 0
4639 4731 0
5810 5906 0
4537 4640 0
3248 3268 0
4433 4472 0
4019 4107 0
3950 4000 0
4632 4671 0
 
480 5751 0
613 5618 0
358 4708 0
416 4694 0
497 4222 0
385 4765 0
548 4944 0
494 4546 0
399 3733 0
546 4958 0
593 5300 0
365 3352 0
457 4674 0
459 4785 0
478 6230 0
471 5149 0
537 5133 0
374 3762 0
451 3741 0
558 4825 0
486 4510 0
423 4022 0
521 4738 0
580 6401 0
350 4030 0
 
245 3487 0
268 3869 0
208 3521 0
141 3354 0
297 4183 0
227 3655 0
200 2929 0
245 3559 0
271 4397 0
258 3343 0
341 4440 0
263 4211 0
257 4145 0
209 3769 0
249 3552 0
271 3613 0
242 3757 0
167 3204 0
271 3613 0
216 3251 0
208 3702 0
310 3970 0
306 3499 0
229 3751 0
249 4107 0
 
===
