273 273 1
457 457 1
109 109 1
503 503 1
387 387 1
122 122 1
161 161 1
207 207 1
123 123 1
123 123 1
136 136 1
373 373 1
188 188 1
453 453 1
669 669 1
336 336 1
306 306 1
112 112 1
220 220 1
184 184 1
772 772 1
278 278 1
912 912 1
360 360 1
635 635 1
 
540 540 1
349 349 1
247 247 1
382 382 1
732 732 1
1179 1179 1
498 498 1
264 264 1
285 285 1
227 227 1
457 457 1
227 227 1
1446 1446 1
617 617 1
1256 1256 1
411 411 1
559 559 1
647 647 1
1367 1367 1
272 272 1
211 211 1
444 444 1
291 291 1
757 757 1
350 350 1
 
935 935 1
421 421 1
579 579 1
508 508 1
610 610 1
408 408 1
1310 1310 1
719 719 1
546 546 1
557 557 1
471 471 1
639 639 1
882 882 1
514 514 1
380 380 1
288 288 1
535 535 1
620 620 1
1279 1279 1
401 401 1
384 384 1
1192 1192 1
291 291 1
761 761 1
1625 1625 1
 
1367 1367 1
562 562 1
530 530 1
571 571 1
624 624 1
1657 1657 1
1302 1302 1
706 706 1
884 884 1
654 654 1
971 971 1
1753 1753 1
608 608 1
1402 1402 1
453 453 1
818 818 1
419 419 1
620 620 1
800 800 1
1215 1215 1
819 819 1
1062 1062 1
958 958 1
1711 1711 1
851 851 1
 
693 693 1
2542 2542 1
1118 1118 1
773 773 1
986 986 1
517 517 1
1829 1829 1
1009 1009 1
1883 1883 1
1312 1312 1
2446 2446 1
1084 1084 1
2051 2052 0
878 878 1
1983 1983 1
1159 1159 1
1477 1477 1
1007 1007 1
717 717 1
866 866 1
1266 1266 1
792 792 1
1103 1103 1
1011 1011 1
1851 1851 1
 
1141 1141 1
1679 1679 1
1215 1215 1
559 559 1
1579 1579 1
2088 2088 1
1125 1125 1
1660 1660 1
1257 1257 1
1814 1814 1
1264 1264 1
839 839 1
962 962 1
2247 2247 1
1424 1424 1
892 892 1
1322 1322 1
623 623 1
1309 1309 1
1286 1286 1
907 907 1
1259 1259 1
1121 1121 1
1368 1368 1
1445 1445 1
 
755 755 1
1269 1269 1
1997 1997 1
1746 1746 1
1237 1237 1
1515 1515 1
1974 1974 1
2108 2108 1
1109 1109 1
2010 2010 1
2680 2680 1
833 833 1
1553 1553 1
1749 1749 1
1110 1110 1
3054 3054 1
2123 2123 1
1462 1462 1
2012 2012 1
1954 1956 0
2623 2623 1
1823 1823 1
1137 1137 1
1450 1450 1
1865 1865 1
 
1398 1398 1
2344 2344 1
3317 3317 1
1832 1832 1
1515 1515 1
2244 2244 1
2225 2225 1
1805 1805 1
893 893 1
1677 1677 1
1238 1238 1
3047 3047 1
2156 2156 1
2178 2178 1
1691 1691 1
2086 2086 1
2521 2521 1
1264 1264 1
2306 2306 1
1002 1002 1
1569 1569 1
2460 2460 1
1172 1172 1
1498 1498 1
1767 1767 1
 
1365 1365 1
1762 1762 1
1343 1343 1
2602 2602 1
2267 2267 1
1880 1880 1
1576 1576 1
1311 1311 1
1906 1906 1
2682 2682 1
1685 1685 1
2322 2322 1
1704 1704 1
1412 1412 1
1404 1404 1
2253 2253 1
1643 1643 1
2501 2501 1
1904 1904 1
2068 2068 1
1896 1896 1
2863 2863 1
1365 1365 1
2239 2239 1
3124 3124 1
 
1898 1898 1
2052 2052 1
2635 2635 1
2363 2365 0
2841 2841 1
1727 1727 1
2223 2223 1
2523 2523 1
3147 3147 1
2662 2662 1
1899 1899 1
2755 2755 1
3583 3583 1
2583 2583 1
2548 2548 1
2690 2690 1
2024 2025 0
2776 2776 1
3452 3452 1
2285 2285 1
1753 1753 1
1647 1647 1
1845 1845 1
2364 2365 0
2237 2237 1
 
3031 3031 1
1394 1394 1
3877 3877 1
3655 3655 1
1612 1612 1
2263 2263 1
2287 2287 1
2369 2369 1
2540 2540 1
2391 2391 1
1700 1700 1
1927 1927 1
2564 2564 1
2630 2630 1
2339 2339 1
1809 1809 1
2132 2132 1
1820 1820 1
1967 1967 1
1177 1177 1
1736 1736 1
1716 1716 1
2203 2203 1
1939 1939 1
2149 2149 1
 
1773 1773 1
5070 5070 1
3055 3056 0
2016 2016 1
3258 3258 1
2203 2203 1
4486 4486 1
3044 3044 1
4012 4013 0
2114 2114 1
1700 1700 1
2473 2473 1
2550 2550 1
2240 2240 1
2120 2120 1
4330 4330 1
2958 2958 1
2196 2196 1
3633 3633 1
3842 3842 1
2339 2339 1
1915 1915 1
1729 1729 1
1492 1492 1
1892 1892 1
 
2917 2917 1
1480 1480 1
3306 3306 1
2711 2711 1
2728 2728 1
2254 2254 1
2262 2262 1
2144 2144 1
3014 3014 1
3684 3684 1
2805 2805 1
2449 2449 1
2773 2773 1
3144 3144 1
2162 2162 1
2377 2377 1
1900 1900 1
2670 2670 1
1498 1498 1
2549 2549 1
2608 2608 1
2376 2376 1
2904 2904 1
3018 3018 1
1835 1835 1
 
2682 2682 1
2660 2660 1
2695 2695 1
2362 2362 1
3141 3141 1
2735 2735 1
3739 3739 1
3462 3462 1
2953 2953 1
3680 3681 0
3206 3207 0
4446 4446 1
2570 2570 1
3697 3697 1
2627 2627 1
3792 3792 1
1960 1960 1
2659 2659 1
3540 3540 1
2408 2408 1
2619 2619 1
3056 3056 1
3745 3748 0
3134 3134 1
2491 2491 1
 
2729 2729 1
3052 3052 1
5432 5432 1
1874 1875 0
2992 2992 1
3332 3332 1
3781 3781 1
4728 4730 0
2664 2664 1
4007 4007 1
3259 3259 1
2568 2568 1
2692 2692 1
3751 3752 0
3611 3611 1
2642 2642 1
3411 3411 1
2700 2700 1
2759 2760 0
4105 4105 1
2808 2810 0
4006 4007 0
3001 3001 1
2933 2934 0
3084 3085 0
 
3712 3712 1
2919 2919 1
3392 3392 1
3471 3471 1
1853 1853 1
2737 2739 0
2844 2844 1
3085 3085 1
5174 5174 1
4394 4397 0
3906 3907 0
4068 4069 0
3644 3644 1
3692 3692 1
2864 2864 1
3782 3783 0
3946 3946 1
4221 4221 1
2680 2680 1
3757 3757 1
3855 3855 1
3797 3798 0
2114 2114 1
2990 2990 1
4950 4950 1
 
2683 2683 1
3889 3891 0
5971 5974 0
2626 2627 0
2666 2666 1
3800 3811 0
3561 3561 1
3126 3126 1
3483 3483 1
3258 3258 1
3015 3015 1
5228 5231 0
4669 4673 0
3274 3277 0
3669 3669 1
4435 4442 0
3317 3317 1
3078 3078 1
5722 5725 0
3416 3418 0
3471 3471 1
3553 3553 1
3174 3174 1
2829 2829 1
2500 2500 1
 
3407 3407 1
2764 2764 1
3256 3257 0
5241 5241 1
4406 4423 0
3849 3860 0
2663 2664 0
3827 3827 1
3407 3407 1
3612 3612 1
3100 3101 0
3010 3010 1
3892 3903 0
3219 3246 0
4134 4136 0
3506 3506 1
3673 3674 0
3529 3529 1
3030 3030 1
3800 3800 1
3549 3549 1
3551 3551 1
3778 3778 1
5466 5495 0
4248 4250 0
 
3948 3952 0
3326 3326 1
3340 3345 0
2743 2743 1
4561 4561 1
6205 6209 0
4462 4480 0
3481 3481 1
3868 3871 0
4794 4797 0
3055 3060 0
3142 3143 0
4610 4616 0
5232 5267 0
5382 5400 0
4197 4228 0
3619 3622 0
5779 5779 1
4015 4015 1
4703 4703 1
4133 4138 0
3879 3883 0
4695 4702 0
4498 4504 0
3474 3479 0
 
4277 4401 0
3880 3891 0
3566 3575 0
3432 3435 0
4870 4876 0
4521 4584 0
5888 5933 0
4834 4835 0
3020 3027 0
3989 4143 0
4703 4738 0
4274 4303 0
3844 3847 0
4639 4654 0
3480 3480 1
3878 3886 0
4311 4400 0
4946 4975 0
5283 5283 1
4182 4183 0
5689 5695 0
4111 4141 0
4100 4107 0
4708 4770 0
5044 5139 0
 
3931 4072 0
3861 3907 0
3293 3544 0
4998 5358 0
3053 3332 0
3499 3697 0
3146 3290 0
3698 3809 0
5440 5950 0
4085 4106 0
4116 4397 0
4071 4498 0
3993 4368 0
3810 3948 0
3593 3686 0
4203 4498 0
4310 4481 0
4486 4727 0
5570 5902 0
4349 4635 0
3094 3267 0
4288 4473 0
3809 4104 0
3851 3995 0
4501 4676 0
 
422 5371 0
478 5097 0
317 4661 0
327 4370 0
351 4087 0
353 4442 0
439 4792 0
409 4338 0
310 3603 0
431 4470 0
460 4920 0
303 3276 0
356 4257 0
399 4648 0
403 5744 0
340 5016 0
368 4789 0
318 3621 0
339 3591 0
432 4505 0
383 4232 0
336 3984 0
388 4633 0
454 5775 0
275 4027 0
 
236 3382 0
251 3665 0
200 3317 0
126 3205 0
274 3862 0
202 3460 0
190 2846 0
217 3371 0
242 4089 0
241 3194 0
294 4145 0
245 3958 0
227 3886 0
195 3663 0
221 3339 0
230 3432 0
210 3591 0
151 3123 0
255 3448 0
194 3134 0
206 3625 0
276 3735 0
268 3346 0
214 3568 0
223 3791 0
 
===
