869 869 1
935 935 1
1115 1115 1
819 819 1
1210 1210 1
647 647 1
1839 1839 1
778 778 1
1684 1684 1
961 961 1
985 985 1
984 984 1
1809 1809 1
1581 1581 1
675 675 1
851 851 1
985 985 1
649 649 1
1053 1053 1
845 845 1
1038 1038 1
1068 1068 1
1069 1069 1
828 828 1
561 561 1
 
2692 2692 1
1634 1634 1
1977 1977 1
1760 1760 1
2510 2510 1
2924 2924 1
2589 2589 1
3089 3089 1
3034 3034 1
1651 1651 1
2183 2183 1
1778 1778 1
1188 1188 1
1368 1368 1
1091 1091 1
1384 1384 1
1590 1590 1
1784 1784 1
2416 2416 1
1889 1889 1
2277 2277 1
2060 2060 1
3742 3742 1
1709 1709 1
1635 1635 1
 
4172 4172 1
4206 4206 1
3407 3407 1
4173 4173 1
4137 4137 1
2543 2543 1
3283 3283 1
3620 3620 1
5990 5990 1
2499 2499 1
2780 2780 1
3361 3361 1
2977 2977 1
4749 4749 1
2296 2296 1
2279 2279 1
3562 3562 1
3746 3746 1
4869 4869 1
3702 3702 1
2980 2980 1
3037 3037 1
2583 2583 1
2542 2542 1
5227 5227 1
 
2851 2851 1
3404 3404 1
5179 5179 1
3550 3550 1
4259 4259 1
3053 3053 1
4940 4940 1
3726 3726 1
4253 4253 1
3491 3491 1
4687 4687 1
4624 4624 1
3825 3825 1
6212 6212 1
4097 4097 1
3514 3514 1
3584 3584 1
4736 4736 1
6237 6237 1
5721 5721 1
4035 4035 1
7828 7828 1
3877 3877 1
3623 3623 1
3658 3658 1
 
4516 4516 1
5139 5139 1
4136 4136 1
7237 7237 1
4891 4891 1
4264 4264 1
5997 5997 1
5938 5938 1
4753 4753 1
4216 4216 1
3726 3726 1
4323 4323 1
6600 6600 1
5678 5678 1
5276 5276 1
5454 5454 1
4972 4972 1
5234 5234 1
6245 6245 1
5207 5207 1
3992 3992 1
6058 6058 1
4993 4993 1
4615 4615 1
5073 5073 1
 
6066 6066 1
4539 4539 1
5390 5390 1
6830 6830 1
6322 6322 1
5382 5382 1
7836 7836 1
4457 4457 1
5670 5670 1
5918 5918 1
4361 4361 1
3901 3901 1
6377 6377 1
6281 6281 1
6978 6978 1
6087 6087 1
4974 4974 1
6159 6159 1
5359 5359 1
5040 5040 1
5310 5310 1
8072 8072 1
6944 6944 1
5450 5450 1
4697 4697 1
 
6880 6880 1
6759 6759 1
7314 7314 1
6456 6456 1
7683 7683 1
8463 8463 1
7144 7144 1
10780 10780 1
9393 9393 1
9848 9848 1
6904 6904 1
6450 6450 1
6855 6855 1
7370 7370 1
4753 4753 1
7128 7128 1
9399 9399 1
6883 6883 1
7771 7771 1
8418 8418 1
8147 8147 1
8542 8542 1
9578 9578 1
5630 5630 1
7774 7774 1
 
5928 5928 1
10920 10920 1
8982 8982 1
7409 7409 1
7274 7274 1
7118 7118 1
9038 9038 1
8955 8955 1
8938 8938 1
9924 9924 1
6324 6324 1
9964 9964 1
8239 8239 1
8792 8792 1
7232 7232 1
8103 8103 1
8449 8449 1
9635 9635 1
10600 10600 1
8954 8954 1
6890 6890 1
8181 8181 1
8607 8607 1
8977 8977 1
6490 6490 1
 
9950 9950 1
8593 8593 1
8351 8351 1
10191 10191 1
9002 9002 1
8246 8246 1
7686 7686 1
9930 9930 1
8140 8140 1
11581 11581 1
11532 11532 1
9814 9814 1
9233 9233 1
11505 11505 1
10023 10023 1
9614 9614 1
9371 9371 1
8987 8987 1
11236 11236 1
15507 15507 1
8570 8570 1
8514 8514 1
8749 8749 1
8506 8506 1
9435 9435 1
 
12959 12959 1
11321 11321 1
9445 9445 1
13220 13220 1
9439 9439 1
13622 13622 1
10006 10006 1
10801 10801 1
11908 11908 1
9571 9571 1
12594 12594 1
12953 12953 1
9159 9159 1
12367 12367 1
9022 9022 1
12737 12737 1
9663 9663 1
10716 10716 1
11099 11099 1
9989 9989 1
9685 9685 1
11907 11907 1
10385 10385 1
12843 12843 1
9058 9058 1
 
12230 12230 1
15944 15944 1
12328 12328 1
12199 12199 1
10952 10952 1
13703 13703 1
10425 10425 1
14560 14560 1
10382 10382 1
10922 10922 1
15176 15176 1
15116 15116 1
10293 10293 1
12968 12968 1
10968 10968 1
12793 12793 1
10977 10977 1
10866 10866 1
11908 11908 1
9226 9226 1
14764 14764 1
9628 9628 1
12723 12723 1
10334 10334 1
11545 11545 1
 
16568 16568 1
13823 13823 1
15475 15475 1
13406 13406 1
16678 16678 1
13959 13959 1
14299 14299 1
11944 11944 1
12266 12266 1
15344 15344 1
12696 12696 1
11977 11977 1
12859 12859 1
12834 12834 1
10889 10889 1
13267 13267 1
14755 14755 1
13316 13316 1
17462 17462 1
10327 10327 1
11223 11223 1
13427 13427 1
13485 13485 1
11216 11216 1
11750 11750 1
 
13763 13763 1
14053 14053 1
14353 14353 1
14346 14346 1
13714 13714 1
12333 12333 1
13437 13437 1
13474 13474 1
11606 11606 1
14169 14169 1
17692 17692 1
10129 10129 1
15101 15101 1
17272 17272 1
14541 14541 1
16519 16519 1
12514 12514 1
14549 14549 1
10654 10654 1
15146 15146 1
12931 12931 1
14493 14493 1
17975 17975 1
16076 16076 1
12410 12410 1
 
17797 17797 1
13863 13863 1
15671 15671 1
16410 16410 1
17755 17755 1
16306 16306 1
15103 15103 1
13539 13539 1
13573 13573 1
18862 18862 1
14403 14403 1
14950 14950 1
15724 15724 1
13745 13745 1
14168 14168 1
16824 16824 1
15891 15891 1
15800 15800 1
13662 13662 1
15981 15981 1
17197 17197 1
16321 16321 1
17752 17752 1
14392 14392 1
13562 13562 1
 
15524 15524 1
19352 19352 1
16993 16993 1
14884 14884 1
15997 15997 1
15508 15508 1
13925 13925 1
16550 16550 1
16331 16332 0
15003 15003 1
18052 18052 1
17282 17282 1
16648 16648 1
19630 19630 1
12918 12918 1
16354 16354 1
16286 16286 1
17256 17256 1
15921 15921 1
13358 13358 1
18530 18530 1
14245 14245 1
19023 19023 1
15054 15054 1
13193 13193 1
 
15677 15677 1
18036 18036 1
14915 14915 1
15919 15919 1
20528 20528 1
16703 16703 1
21581 21581 1
18856 18856 1
18206 18206 1
15717 15717 1
16832 16832 1
15447 15447 1
16460 16460 1
14941 14941 1
15307 15307 1
18449 18449 1
16897 16897 1
16075 16075 1
16326 16326 1
16705 16705 1
17986 17986 1
16769 16769 1
16411 16412 0
19275 19275 1
18916 18916 1
 
24590 24590 1
19114 19114 1
19552 19552 1
15756 15756 1
18631 18631 1
15910 15910 1
20315 20315 1
16874 16874 1
19353 19354 0
25623 25623 1
17292 17292 1
21681 21681 1
19482 19482 1
19706 19706 1
17382 17382 1
22949 22949 1
17798 17798 1
17146 17146 1
19106 19106 1
21621 21621 1
17272 17272 1
18530 18530 1
18814 18815 0
19001 19001 1
18195 18196 0
 
15753 15753 1
18501 18502 0
15937 15937 1
20011 20011 1
16409 16409 1
16972 16972 1
20907 20907 1
21105 21106 0
17600 17600 1
17617 17617 1
18682 18682 1
16548 16549 0
26859 26859 1
18082 18082 1
23469 23469 1
22459 22459 1
17882 17882 1
21630 21630 1
22474 22474 1
24130 24130 1
22160 22160 1
20930 20930 1
19925 19925 1
18438 18438 1
20238 20238 1
 
18949 18949 1
20598 20598 1
17137 17137 1
20500 20500 1
16235 16235 1
22643 22643 1
22407 22407 1
19858 19858 1
20877 20877 1
19677 19678 0
21211 21212 0
22311 22311 1
23407 23407 1
21284 21284 1
22154 22154 1
20482 20482 1
17943 17943 1
17362 17362 1
39302 39302 1
24767 24768 0
20277 20277 1
24611 24612 0
23500 23500 1
18129 18130 0
21155 21155 1
 
25671 25671 1
23456 23457 0
23905 23905 1
21130 21130 1
21495 21495 1
19227 19227 1
21323 21323 1
19192 19194 0
22802 22804 0
21941 21941 1
17911 17911 1
25856 25859 0
23542 23544 0
21548 21548 1
19343 19343 1
21287 21287 1
21033 21033 1
21920 21922 0
21698 21698 1
21242 21242 1
18338 18339 0
24070 24072 0
17150 17151 0
30243 30243 1
22278 22278 1
 
25141 25141 1
24025 24029 0
22136 22136 1
27527 27530 0
28989 28989 1
20893 20893 1
21719 21719 1
25990 25990 1
23780 23782 0
22464 22466 0
21349 21349 1
20340 20341 0
23670 23670 1
25265 25268 0
20989 20989 1
21748 21748 1
21352 21352 1
26511 26517 0
18467 18467 1
22495 22495 1
22470 22470 1
23796 23797 0
22046 22046 1
21398 21402 0
26597 26598 0
 
2448 18807 0
2584 19516 0
3856 28106 0
2700 22480 0
3171 27895 0
3624 29139 0
3194 28066 0
3226 25446 0
2447 22459 0
3314 27051 0
2647 19727 0
3091 23733 0
2440 21393 0
3135 24278 0
2692 21243 0
2603 20739 0
2684 19486 0
2639 21066 0
2941 22388 0
2958 25169 0
2707 23243 0
2334 19609 0
2568 20928 0
2857 23376 0
2893 24809 0
 
1351 16516 0
1371 16857 0
1531 17361 0
1688 18507 0
2694 34049 0
1674 18792 0
1517 18861 0
1604 20677 0
1545 19428 0
1505 17316 0
1814 20909 0
1593 20208 0
1404 17964 0
1686 18828 0
1731 18571 0
1600 19743 0
1522 17816 0
1615 19031 0
1425 18279 0
1474 17907 0
1343 17513 0
1573 20073 0
1437 18582 0
1390 16028 0
1448 18555 0
 
===
