273 273 1
457 457 1
109 109 1
503 503 1
387 387 1
122 122 1
161 161 1
207 207 1
123 123 1
123 123 1
136 136 1
373 373 1
188 188 1
452 452 1
669 669 1
336 336 1
306 306 1
112 112 1
220 220 1
184 184 1
772 772 1
279 279 1
912 912 1
360 360 1
634 634 1
 
537 537 1
350 350 1
247 247 1
382 382 1
735 735 1
1175 1175 1
498 498 1
264 264 1
285 285 1
226 226 1
459 459 1
227 227 1
1446 1446 1
617 617 1
1256 1256 1
411 411 1
561 561 1
645 645 1
1369 1369 1
273 273 1
212 212 1
444 444 1
291 291 1
756 756 1
350 350 1
 
937 937 1
421 421 1
579 579 1
509 509 1
610 610 1
410 410 1
1309 1309 1
722 722 1
546 546 1
557 557 1
475 475 1
638 638 1
881 881 1
514 514 1
380 380 1
288 288 1
535 535 1
621 621 1
1279 1279 1
401 401 1
384 384 1
1191 1191 1
292 292 1
762 762 1
1625 1625 1
 
1365 1365 1
565 565 1
532 532 1
568 568 1
625 625 1
1661 1661 1
1303 1303 1
707 707 1
886 886 1
653 653 1
970 970 1
1749 1749 1
610 610 1
1396 1396 1
453 453 1
818 818 1
420 420 1
618 618 1
800 800 1
1219 1219 1
817 817 1
1060 1060 1
958 958 1
1714 1714 1
849 849 1
 
690 690 1
2551 2551 1
1118 1118 1
770 770 1
981 981 1
517 517 1
1827 1827 1
1012 1012 1
1881 1881 1
1312 1312 1
2444 2444 1
1084 1084 1
2062 2062 1
878 878 1
1993 1993 1
1159 1159 1
1480 1480 1
1006 1006 1
718 718 1
866 866 1
1264 1264 1
794 794 1
1104 1104 1
1011 1011 1
1851 1851 1
 
1140 1140 1
1679 1679 1
1217 1217 1
560 560 1
1579 1579 1
2088 2088 1
1125 1125 1
1660 1660 1
1257 1257 1
1815 1815 1
1264 1264 1
839 839 1
962 962 1
2248 2248 1
1424 1424 1
892 892 1
1321 1321 1
623 623 1
1309 1309 1
1287 1287 1
906 906 1
1259 1259 1
1123 1123 1
1368 1368 1
1447 1447 1
 
755 755 1
1269 1269 1
2000 2000 1
1747 1747 1
1236 1236 1
1515 1515 1
1974 1974 1
2108 2108 1
1109 1109 1
2007 2007 1
2680 2680 1
834 834 1
1553 1553 1
1749 1749 1
1109 1109 1
3053 3053 1
2121 2121 1
1459 1459 1
2013 2013 1
1955 1955 1
2621 2621 1
1823 1823 1
1137 1137 1
1451 1451 1
1866 1866 1
 
1398 1398 1
2344 2344 1
3320 3320 1
1831 1831 1
1514 1514 1
2245 2245 1
2220 2220 1
1805 1805 1
893 893 1
1677 1677 1
1240 1240 1
3048 3048 1
2157 2157 1
2179 2179 1
1691 1691 1
2086 2086 1
2520 2520 1
1267 1267 1
2306 2306 1
1003 1003 1
1569 1569 1
2461 2461 1
1175 1175 1
1497 1497 1
1768 1768 1
 
1365 1365 1
1763 1763 1
1338 1338 1
2605 2605 1
2266 2266 1
1880 1880 1
1573 1573 1
1310 1310 1
1905 1905 1
2681 2681 1
1683 1683 1
2323 2323 1
1702 1702 1
1407 1407 1
1405 1405 1
2249 2249 1
1644 1644 1
2501 2501 1
1905 1905 1
2068 2068 1
1894 1894 1
2863 2863 1
1366 1366 1
2236 2236 1
3125 3125 1
 
1902 1902 1
2051 2051 1
2639 2639 1
2365 2365 1
2842 2842 1
1728 1728 1
2224 2224 1
2526 2526 1
3148 3148 1
2662 2662 1
1895 1895 1
2752 2752 1
3586 3586 1
2585 2585 1
2547 2547 1
2687 2687 1
2029 2029 1
2777 2777 1
3452 3452 1
2287 2287 1
1755 1755 1
1639 1639 1
1843 1843 1
2365 2365 1
2232 2232 1
 
3032 3032 1
1393 1393 1
3876 3876 1
3656 3656 1
1616 1616 1
2264 2264 1
2286 2286 1
2372 2372 1
2541 2541 1
2392 2392 1
1697 1697 1
1927 1927 1
2564 2564 1
2629 2629 1
2339 2339 1
1812 1812 1
2130 2130 1
1821 1821 1
1967 1967 1
1178 1178 1
1736 1736 1
1717 1717 1
2199 2199 1
1937 1937 1
2150 2150 1
 
1771 1771 1
5069 5069 1
3052 3052 1
2015 2015 1
3256 3256 1
2204 2204 1
4487 4487 1
3045 3045 1
4008 4008 1
2113 2113 1
1700 1700 1
2475 2475 1
2550 2550 1
2241 2241 1
2119 2119 1
4331 4331 1
2958 2958 1
2194 2194 1
3632 3632 1
4194 4194 1
2423 2423 1
1897 1897 1
1712 1712 1
1480 1480 1
1888 1888 1
 
2917 2917 1
1473 1473 1
3307 3307 1
2706 2706 1
2765 2765 1
2254 2254 1
2252 2252 1
2152 2152 1
3009 3009 1
3225 3225 1
2819 2819 1
2442 2442 1
2794 2794 1
3156 3156 1
2161 2161 1
2387 2387 1
1896 1896 1
2686 2686 1
1475 1475 1
2544 2544 1
2603 2603 1
2378 2378 1
2912 2912 1
3018 3018 1
1837 1837 1
 
2693 2693 1
2667 2667 1
2691 2691 1
2351 2351 1
3130 3130 1
2727 2727 1
3731 3731 1
3469 3469 1
2954 2954 1
3673 3673 1
3221 3221 1
4438 4438 1
2574 2574 1
3711 3711 1
2632 2632 1
3771 3771 1
1951 1951 1
2647 2647 1
3535 3535 1
2406 2406 1
2608 2608 1
2942 2942 1
3745 3747 0
3147 3147 1
2492 2492 1
 
2733 2733 1
3051 3051 1
5437 5437 1
1875 1875 1
2996 2996 1
3331 3331 1
3779 3779 1
4705 4705 1
2662 2662 1
4007 4007 1
3262 3262 1
2573 2573 1
2698 2698 1
3750 3750 1
3610 3610 1
2642 2642 1
3402 3402 1
2701 2701 1
2761 2763 0
4109 4109 1
2812 2812 1
4008 4008 1
2999 2999 1
2940 2940 1
3079 3079 1
 
3715 3715 1
2918 2918 1
3391 3391 1
3453 3453 1
1855 1855 1
2740 2740 1
2847 2847 1
3080 3080 1
5175 5175 1
4384 4384 1
3904 3904 1
4063 4063 1
3625 3625 1
3688 3688 1
2869 2869 1
3785 3785 1
3942 3942 1
4225 4225 1
2680 2680 1
3758 3758 1
3849 3849 1
3800 3800 1
2113 2113 1
2992 2992 1
4954 4954 1
 
2681 2681 1
3895 3895 1
5971 5971 1
2626 2626 1
2669 2669 1
3811 3813 0
3558 3558 1
3126 3126 1
3486 3486 1
3262 3262 1
3021 3021 1
5231 5231 1
4677 4677 1
3279 3279 1
3673 3673 1
4440 4440 1
3316 3316 1
3075 3075 1
5725 5725 1
3416 3416 1
3473 3473 1
3549 3549 1
3169 3169 1
2831 2831 1
2501 2501 1
 
3409 3409 1
2770 2770 1
3260 3260 1
5242 5242 1
4427 4428 0
3858 3858 1
2663 2663 1
3825 3825 1
3404 3404 1
3610 3610 1
3101 3101 1
3004 3004 1
3896 3896 1
3249 3254 0
4140 4140 1
3502 3502 1
3673 3673 1
3529 3529 1
3031 3031 1
3800 3800 1
3550 3550 1
3555 3555 1
3778 3778 1
5494 5497 0
4249 4249 1
 
3953 3953 1
3326 3326 1
3348 3348 1
2737 2737 1
3961 3961 1
6234 6234 1
4252 4252 1
3448 3448 1
3836 3836 1
4782 4782 1
3046 3046 1
3148 3148 1
4644 4644 1
5294 5294 1
5394 5396 0
4245 4247 0
3637 3637 1
5766 5766 1
4011 4011 1
3983 3983 1
4146 4146 1
3884 3884 1
4692 4692 1
4511 4511 1
3475 3475 1
 
4423 4429 0
3886 3886 1
3596 3596 1
3438 3438 1
4859 4859 1
4568 4573 0
5916 5918 0
4803 4803 1
3022 3022 1
4151 4165 0
4736 4739 0
4310 4311 0
3845 3845 1
4660 4660 1
3471 3471 1
3876 3876 1
4378 4389 0
4974 4975 0
5282 5282 1
4188 4188 1
5696 5696 1
4145 4146 0
4098 4098 1
4773 4776 0
5120 5134 0
 
4074 4075 0
3903 3905 0
3540 3541 0
5353 5355 0
3324 3329 0
3690 3697 0
3288 3289 0
3807 3807 1
5925 5943 0
4111 4111 1
4398 4398 1
4496 4498 0
4362 4365 0
3943 3945 0
3685 3686 0
4499 4499 1
4486 4487 0
4727 4727 1
5897 5901 0
4631 4635 0
3264 3264 1
4467 4467 1
4103 4106 0
3999 4000 0
4672 4672 1
 
1161 6291 0
1285 6021 0
896 4712 0
888 4865 0
1148 4453 0
879 5138 0
1031 4940 0
1119 4556 0
832 3750 0
1178 5323 0
1267 5482 0
799 3348 0
889 4739 0
1081 4960 0
1129 6826 0
976 5145 0
1014 5681 0
829 3993 0
983 3837 0
1266 4961 0
1057 4546 0
837 4023 0
1090 4728 0
1155 7394 0
809 4026 0
 
343 3681 0
367 4386 0
260 3817 0
185 3489 0
391 4975 0
302 4158 0
280 3119 0
317 3899 0
364 5082 0
359 3751 0
451 5023 0
342 4962 0
335 4736 0
289 4120 0
315 4006 0
336 3918 0
330 3927 0
232 3387 0
336 4130 0
294 3523 0
254 3888 0
389 4613 0
412 3917 0
308 4123 0
318 4599 0
 
===
