273 273 1
457 457 1
109 109 1
503 503 1
387 387 1
122 122 1
161 161 1
207 207 1
123 123 1
123 123 1
136 136 1
373 373 1
188 188 1
451 451 1
669 669 1
336 336 1
306 306 1
112 112 1
220 220 1
184 184 1
772 772 1
278 278 1
912 912 1
360 360 1
637 637 1
 
538 538 1
352 352 1
247 247 1
382 382 1
733 733 1
1176 1176 1
498 498 1
265 265 1
285 285 1
226 226 1
458 458 1
227 227 1
1446 1446 1
617 617 1
1257 1257 1
412 412 1
559 559 1
645 645 1
1370 1370 1
272 272 1
212 212 1
444 444 1
292 292 1
757 757 1
350 350 1
 
938 938 1
420 420 1
578 578 1
509 509 1
612 612 1
412 412 1
1310 1310 1
720 720 1
547 547 1
562 562 1
475 475 1
638 638 1
882 882 1
514 514 1
380 380 1
288 288 1
535 535 1
621 621 1
1279 1279 1
405 405 1
385 385 1
1192 1192 1
291 291 1
763 763 1
1627 1627 1
 
1366 1366 1
564 564 1
529 529 1
570 570 1
625 625 1
1659 1659 1
1301 1301 1
709 709 1
886 886 1
653 653 1
970 970 1
1753 1753 1
611 611 1
1395 1395 1
454 454 1
817 817 1
420 420 1
618 618 1
800 800 1
1217 1217 1
818 818 1
1064 1064 1
959 959 1
1715 1715 1
854 854 1
 
689 689 1
2545 2545 1
1120 1120 1
769 769 1
983 983 1
515 515 1
1831 1831 1
1012 1012 1
1881 1881 1
1308 1308 1
2449 2449 1
1082 1082 1
2055 2055 1
877 877 1
1985 1985 1
1160 1160 1
1483 1483 1
1007 1007 1
722 722 1
864 864 1
1264 1264 1
793 793 1
1101 1101 1
1011 1011 1
1850 1850 1
 
1140 1140 1
1680 1680 1
1217 1217 1
559 559 1
1579 1579 1
2088 2088 1
1125 1125 1
1662 1662 1
1259 1259 1
1815 1815 1
1269 1269 1
839 839 1
962 962 1
2248 2248 1
1429 1429 1
892 892 1
1321 1321 1
623 623 1
1310 1310 1
1287 1287 1
906 906 1
1260 1260 1
1121 1121 1
1368 1368 1
1446 1446 1
 
755 755 1
1269 1269 1
1997 1997 1
1745 1745 1
1237 1237 1
1520 1520 1
1975 1975 1
2109 2109 1
1109 1109 1
2006 2006 1
2680 2680 1
833 833 1
1553 1553 1
1748 1748 1
1110 1110 1
3056 3056 1
2122 2122 1
1461 1461 1
2012 2012 1
1954 1954 1
2621 2621 1
1827 1827 1
1137 1137 1
1453 1453 1
1866 1866 1
 
1398 1398 1
2345 2345 1
3316 3316 1
1833 1833 1
1514 1514 1
2244 2244 1
2221 2221 1
1805 1805 1
894 894 1
1677 1677 1
1238 1238 1
3047 3047 1
2157 2157 1
2178 2178 1
1690 1690 1
2085 2085 1
2525 2525 1
1267 1267 1
2307 2307 1
1002 1002 1
1567 1567 1
2460 2460 1
1171 1171 1
1499 1499 1
1767 1767 1
 
1365 1365 1
1763 1763 1
1337 1337 1
2603 2603 1
2265 2265 1
1881 1881 1
1573 1573 1
1313 1313 1
1905 1905 1
2684 2684 1
1685 1685 1
2324 2324 1
1702 1702 1
1409 1409 1
1404 1404 1
2249 2249 1
1642 1642 1
2500 2500 1
1904 1904 1
2071 2071 1
1897 1897 1
2864 2864 1
1365 1365 1
2235 2235 1
3127 3127 1
 
1900 1900 1
2052 2052 1
2638 2638 1
2366 2366 1
2845 2845 1
1729 1729 1
2225 2225 1
2522 2522 1
3148 3148 1
2666 2666 1
1895 1895 1
2751 2751 1
3586 3586 1
2584 2584 1
2550 2550 1
2687 2687 1
2025 2025 1
2775 2775 1
3453 3453 1
2285 2285 1
1755 1755 1
1640 1640 1
1842 1842 1
2365 2365 1
2232 2232 1
 
3031 3031 1
1394 1394 1
3877 3877 1
3656 3656 1
1613 1613 1
2263 2263 1
2286 2286 1
2372 2372 1
2539 2539 1
2391 2391 1
1700 1700 1
1931 1931 1
2564 2564 1
2630 2630 1
2341 2341 1
1813 1813 1
2127 2127 1
1821 1821 1
1967 1967 1
1177 1177 1
1736 1736 1
1718 1718 1
2199 2199 1
1941 1941 1
2152 2152 1
 
1770 1770 1
5073 5073 1
3052 3052 1
2015 2015 1
3255 3255 1
2205 2205 1
4488 4488 1
3044 3044 1
4012 4012 1
2115 2115 1
1703 1703 1
2472 2472 1
2551 2551 1
2241 2241 1
2116 2116 1
4330 4330 1
2959 2959 1
2197 2197 1
3631 3631 1
3989 3989 1
2582 2582 1
1875 1875 1
1733 1733 1
1491 1491 1
1889 1889 1
 
2926 2926 1
1477 1477 1
3301 3301 1
2715 2715 1
2743 2743 1
2254 2254 1
2265 2265 1
2154 2154 1
3012 3012 1
3227 3227 1
2815 2815 1
2447 2447 1
2779 2779 1
3156 3156 1
2160 2160 1
2391 2391 1
1906 1906 1
2670 2670 1
1477 1477 1
2541 2541 1
2603 2603 1
2380 2380 1
2905 2905 1
3018 3018 1
1840 1840 1
 
2692 2692 1
2669 2669 1
2698 2698 1
2355 2355 1
3127 3127 1
2731 2731 1
3728 3728 1
3474 3474 1
2953 2953 1
3680 3680 1
3215 3215 1
4438 4438 1
2573 2573 1
3711 3711 1
2613 2613 1
3777 3777 1
1952 1952 1
2642 2642 1
3529 3529 1
2411 2411 1
2613 2613 1
2934 2934 1
3749 3751 0
3136 3136 1
2491 2491 1
 
2735 2735 1
3064 3064 1
5435 5435 1
1876 1876 1
2993 2993 1
3328 3328 1
3786 3786 1
4700 4700 1
2662 2662 1
4009 4009 1
3262 3262 1
2570 2570 1
2696 2696 1
3751 3751 1
3611 3611 1
2641 2641 1
3404 3404 1
2703 2703 1
2762 2762 1
4110 4110 1
2810 2810 1
4008 4008 1
3003 3003 1
2939 2939 1
3079 3079 1
 
3712 3712 1
2917 2917 1
3387 3387 1
3457 3457 1
1853 1853 1
2739 2739 1
2849 2849 1
3082 3082 1
5178 5178 1
4383 4383 1
3907 3907 1
4065 4065 1
3629 3629 1
3690 3690 1
2868 2868 1
3785 3785 1
3938 3938 1
4222 4222 1
2680 2680 1
3762 3762 1
3846 3846 1
3799 3799 1
2120 2120 1
2989 2989 1
4955 4955 1
 
2682 2682 1
3892 3892 1
5969 5970 0
2629 2629 1
2666 2666 1
3806 3811 0
3561 3561 1
3125 3125 1
3485 3485 1
3263 3263 1
3018 3018 1
5227 5227 1
4678 4678 1
3277 3277 1
3676 3676 1
4439 4439 1
3318 3318 1
3076 3076 1
5725 5725 1
3416 3417 0
3471 3471 1
3555 3555 1
3171 3171 1
2831 2831 1
2502 2502 1
 
3407 3407 1
2766 2766 1
3260 3260 1
5242 5242 1
4422 4424 0
3858 3858 1
2662 2662 1
3825 3825 1
3403 3403 1
3615 3615 1
3104 3104 1
3006 3006 1
3896 3898 0
3246 3248 0
4138 4138 1
3504 3504 1
3675 3675 1
3536 3536 1
3030 3030 1
3804 3804 1
3549 3549 1
3552 3552 1
3777 3777 1
5491 5496 0
4247 4247 1
 
3952 3952 1
3325 3325 1
3344 3344 1
2739 2739 1
3790 3790 1
6220 6220 1
4312 4312 1
3451 3451 1
3830 3830 1
4778 4778 1
3063 3063 1
3155 3155 1
4631 4631 1
5279 5281 0
5386 5390 0
4251 4255 0
3640 3640 1
5766 5766 1
4027 4027 1
3985 3985 1
4143 4143 1
3883 3883 1
4695 4695 1
4516 4516 1
3476 3476 1
 
4406 4422 0
3890 3890 1
3583 3583 1
3447 3447 1
4860 4860 1
4556 4566 0
5920 5921 0
4819 4819 1
3029 3029 1
4149 4159 0
4755 4757 0
4288 4301 0
3981 3981 1
4655 4658 0
3469 3469 1
3873 3873 1
4382 4391 0
4979 4983 0
5278 5278 1
4181 4181 1
5701 5701 1
4134 4138 0
4103 4103 1
4771 4775 0
5120 5134 0
 
4071 4073 0
3906 3909 0
3544 3547 0
5353 5358 0
3325 3328 0
3693 3697 0
3290 3292 0
3806 3806 1
5925 5948 0
4106 4106 1
4392 4396 0
4498 4501 0
4366 4368 0
3947 3948 0
3687 3689 0
4501 4503 0
4475 4476 0
4733 4733 1
5898 5900 0
4633 4641 0
3270 3270 1
4466 4467 0
4097 4102 0
3996 3996 1
4678 4678 1
 
1025 6293 0
1267 6018 0
961 4709 0
1071 4868 0
982 4456 0
843 5139 0
1186 4937 0
1099 4557 0
854 3750 0
1262 5321 0
1193 5477 0
814 3346 0
943 4738 0
974 4957 0
1056 6822 0
1058 5150 0
1000 5680 0
869 3991 0
910 3833 0
1160 4960 0
1115 4544 0
825 4023 0
1224 4734 0
1212 7387 0
634 4024 0
 
309 3671 0
371 4375 0
263 3826 0
195 3484 0
374 4984 0
332 4169 0
264 3110 0
318 3903 0
375 5435 0
350 3727 0
454 5000 0
365 4942 0
347 4726 0
288 4122 0
293 3997 0
345 3934 0
331 3925 0
222 3381 0
332 4137 0
283 3507 0
284 3895 0
398 4605 0
427 3906 0
317 4123 0
313 4561 0
 
===
