# Task,   Job,     Period,   Response, DL Miss?,   Lateness,  Tardiness
# task NAME=myapp PID=12646 COST=1000000 PERIOD=1250000 CPU=0
 12646,     2,    1250000,      11058,        0,   -1238942,          0
 12646,     3,    1250000,      76209,        0,   -1173791,          0
 12646,     4,    1250000,     966506,        0,    -283494,          0
 12646,     5,    1250000,     982762,        0,    -267238,          0
 12646,     6,    1250000,     944423,        0,    -305577,          0
 12646,     7,    1250000,     929373,        0,    -320627,          0
 12646,     8,    1250000,     949081,        0,    -300919,          0
 12646,     9,    1250000,     935675,        0,    -314325,          0
 12646,    10,    1250000,     927528,        0,    -322472,          0
 12646,    11,    1250000,     950446,        0,    -299554,          0
 12646,    12,    1250000,    1002359,        0,    -247641,          0
 12646,    13,    1250000,     954291,        0,    -295709,          0
 12646,    14,    1250000,     951660,        0,    -298340,          0
 12646,    15,    1250000,     960178,        0,    -289822,          0
 12646,    16,    1250000,     900440,        0,    -349560,          0
 12646,    17,    1250000,     977561,        0,    -272439,          0
 12646,    18,    1250000,     946722,        0,    -303278,          0
 12646,    19,    1250000,     942702,        0,    -307298,          0
 12646,    20,    1250000,     949522,        0,    -300478,          0
 12646,    21,    1250000,    1025053,        0,    -224947,          0
 12646,    22,    1250000,     946805,        0,    -303195,          0
 12646,    23,    1250000,     912728,        0,    -337272,          0
 12646,    24,    1250000,     935871,        0,    -314129,          0
 12646,    25,    1250000,     977959,        0,    -272041,          0
 12646,    26,    1250000,     923633,        0,    -326367,          0
 12646,    27,    1250000,     938571,        0,    -311429,          0
 12646,    28,    1250000,     940541,        0,    -309459,          0
 12646,    29,    1250000,     962702,        0,    -287298,          0
 12646,    30,    1250000,     938985,        0,    -311015,          0
 12646,    31,    1250000,     946613,        0,    -303387,          0
 12646,    32,    1250000,     948802,        0,    -301198,          0
 12646,    33,    1250000,     932477,        0,    -317523,          0
 12646,    34,    1250000,     905627,        0,    -344373,          0
 12646,    35,    1250000,     945076,        0,    -304924,          0
 12646,    36,    1250000,     942931,        0,    -307069,          0
 12646,    37,    1250000,     962936,        0,    -287064,          0
 12646,    38,    1250000,    1002875,        0,    -247125,          0
 12646,    39,    1250000,     951473,        0,    -298527,          0
 12646,    40,    1250000,     962375,        0,    -287625,          0
 12646,    41,    1250000,     957254,        0,    -292746,          0
 12646,    42,    1250000,     947471,        0,    -302529,          0
 12646,    43,    1250000,    1214868,        0,     -35132,          0
 12646,    44,    1250000,    1002800,        0,    -247200,          0
 12646,    45,    1250000,    1075593,        0,    -174407,          0
 12646,    46,    1250000,     911110,        0,    -338890,          0
 12646,    47,    1250000,     934213,        0,    -315787,          0
 12646,    48,    1250000,     989905,        0,    -260095,          0
 12646,    49,    1250000,     963290,        0,    -286710,          0
 12646,    50,    1250000,     965587,        0,    -284413,          0
 12646,    51,    1250000,     896685,        0,    -353315,          0
 12646,    52,    1250000,    1019495,        0,    -230505,          0
 12646,    53,    1250000,     967956,        0,    -282044,          0
 12646,    54,    1250000,     963780,        0,    -286220,          0
 12646,    55,    1250000,     913839,        0,    -336161,          0
 12646,    56,    1250000,     934889,        0,    -315111,          0
 12646,    57,    1250000,     965870,        0,    -284130,          0
 12646,    58,    1250000,     984651,        0,    -265349,          0
 12646,    59,    1250000,    1042576,        0,    -207424,          0
 12646,    60,    1250000,     992756,        0,    -257244,          0
 12646,    61,    1250000,     954037,        0,    -295963,          0
 12646,    62,    1250000,     939270,        0,    -310730,          0
 12646,    63,    1250000,     928777,        0,    -321223,          0
 12646,    64,    1250000,     955933,        0,    -294067,          0
 12646,    65,    1250000,     959189,        0,    -290811,          0
 12646,    66,    1250000,     984693,        0,    -265307,          0
 12646,    67,    1250000,     942290,        0,    -307710,          0
 12646,    68,    1250000,     937677,        0,    -312323,          0
 12646,    69,    1250000,     918469,        0,    -331531,          0
 12646,    70,    1250000,     973009,        0,    -276991,          0
 12646,    71,    1250000,     936971,        0,    -313029,          0
 12646,    72,    1250000,     918445,        0,    -331555,          0
 12646,    73,    1250000,     931892,        0,    -318108,          0
 12646,    74,    1250000,     957818,        0,    -292182,          0
 12646,    75,    1250000,     929889,        0,    -320111,          0
 12646,    76,    1250000,     946140,        0,    -303860,          0
 12646,    77,    1250000,     966213,        0,    -283787,          0
 12646,    78,    1250000,     916515,        0,    -333485,          0
 12646,    79,    1250000,     917742,        0,    -332258,          0
 12646,    80,    1250000,     974685,        0,    -275315,          0
 12646,    81,    1250000,     962672,        0,    -287328,          0
 12646,    82,    1250000,     934068,        0,    -315932,          0
 12646,    83,    1250000,     952582,        0,    -297418,          0
 12646,    84,    1250000,     926022,        0,    -323978,          0
 12646,    85,    1250000,     986474,        0,    -263526,          0
 12646,    86,    1250000,     963717,        0,    -286283,          0
 12646,    87,    1250000,     946416,        0,    -303584,          0
 12646,    88,    1250000,     959176,        0,    -290824,          0
 12646,    89,    1250000,     948240,        0,    -301760,          0
 12646,    90,    1250000,     928395,        0,    -321605,          0
 12646,    91,    1250000,    1019353,        0,    -230647,          0
 12646,    92,    1250000,     911614,        0,    -338386,          0
 12646,    93,    1250000,     960170,        0,    -289830,          0
 12646,    94,    1250000,     978994,        0,    -271006,          0
 12646,    95,    1250000,     937327,        0,    -312673,          0
 12646,    96,    1250000,     987462,        0,    -262538,          0
 12646,    97,    1250000,     958649,        0,    -291351,          0
 12646,    98,    1250000,     952803,        0,    -297197,          0
 12646,    99,    1250000,     920691,        0,    -329309,          0
 12646,   100,    1250000,     970611,        0,    -279389,          0
 12646,   101,    1250000,     907804,        0,    -342196,          0
 12646,   102,    1250000,     904469,        0,    -345531,          0
 12646,   103,    1250000,     904822,        0,    -345178,          0
 12646,   104,    1250000,     950282,        0,    -299718,          0
 12646,   105,    1250000,     975091,        0,    -274909,          0
 12646,   106,    1250000,     957441,        0,    -292559,          0
 12646,   107,    1250000,     950341,        0,    -299659,          0
 12646,   108,    1250000,     930983,        0,    -319017,          0
 12646,   109,    1250000,     923620,        0,    -326380,          0
 12646,   110,    1250000,     918002,        0,    -331998,          0
 12646,   111,    1250000,     973636,        0,    -276364,          0
 12646,   112,    1250000,     943071,        0,    -306929,          0
 12646,   113,    1250000,     946854,        0,    -303146,          0
 12646,   114,    1250000,    1003342,        0,    -246658,          0
 12646,   115,    1250000,     938067,        0,    -311933,          0
 12646,   116,    1250000,     908496,        0,    -341504,          0
 12646,   117,    1250000,    1011968,        0,    -238032,          0
 12646,   118,    1250000,    1008674,        0,    -241326,          0
 12646,   119,    1250000,     928611,        0,    -321389,          0
 12646,   120,    1250000,     945720,        0,    -304280,          0
 12646,   121,    1250000,     993772,        0,    -256228,          0
 12646,   122,    1250000,     951012,        0,    -298988,          0
 12646,   123,    1250000,     964331,        0,    -285669,          0
 12646,   124,    1250000,     956533,        0,    -293467,          0
 12646,   125,    1250000,     906193,        0,    -343807,          0
 12646,   126,    1250000,     968747,        0,    -281253,          0
 12646,   127,    1250000,     935502,        0,    -314498,          0
 12646,   128,    1250000,     993985,        0,    -256015,          0
 12646,   129,    1250000,     957867,        0,    -292133,          0
 12646,   130,    1250000,     937268,        0,    -312732,          0
 12646,   131,    1250000,     898720,        0,    -351280,          0
 12646,   132,    1250000,    1040573,        0,    -209427,          0
 12646,   133,    1250000,     930710,        0,    -319290,          0
 12646,   134,    1250000,     940048,        0,    -309952,          0
 12646,   135,    1250000,     948632,        0,    -301368,          0
 12646,   136,    1250000,     970900,        0,    -279100,          0
 12646,   137,    1250000,     973529,        0,    -276471,          0
 12646,   138,    1250000,     923103,        0,    -326897,          0
 12646,   139,    1250000,    1072245,        0,    -177755,          0
 12646,   140,    1250000,     941261,        0,    -308739,          0
 12646,   141,    1250000,     952855,        0,    -297145,          0
 12646,   142,    1250000,     981402,        0,    -268598,          0
 12646,   143,    1250000,    1250716,        1,        716,        716
 12646,   144,    1250000,     880568,        0,    -369432,          0
 12646,   145,    1250000,     928793,        0,    -321207,          0
 12646,   146,    1250000,     939967,        0,    -310033,          0
 12646,   147,    1250000,     918490,        0,    -331510,          0
 12646,   148,    1250000,     949273,        0,    -300727,          0
 12646,   149,    1250000,     960858,        0,    -289142,          0
 12646,   150,    1250000,     948250,        0,    -301750,          0
 12646,   151,    1250000,     949617,        0,    -300383,          0
 12646,   152,    1250000,     915181,        0,    -334819,          0
 12646,   153,    1250000,     995538,        0,    -254462,          0
 12646,   154,    1250000,    1005411,        0,    -244589,          0
 12646,   155,    1250000,    1016499,        0,    -233501,          0
 12646,   156,    1250000,     975688,        0,    -274312,          0
 12646,   157,    1250000,    1039168,        0,    -210832,          0
 12646,   158,    1250000,     941045,        0,    -308955,          0
 12646,   159,    1250000,     949234,        0,    -300766,          0
 12646,   160,    1250000,     973560,        0,    -276440,          0
 12646,   161,    1250000,     953390,        0,    -296610,          0
 12646,   162,    1250000,     904522,        0,    -345478,          0
 12646,   163,    1250000,     950950,        0,    -299050,          0
 12646,   164,    1250000,     976324,        0,    -273676,          0
 12646,   165,    1250000,     973238,        0,    -276762,          0
 12646,   166,    1250000,    1031863,        0,    -218137,          0
 12646,   167,    1250000,     909386,        0,    -340614,          0
 12646,   168,    1250000,     960770,        0,    -289230,          0
 12646,   169,    1250000,     926905,        0,    -323095,          0
 12646,   170,    1250000,     970581,        0,    -279419,          0
 12646,   171,    1250000,     921330,        0,    -328670,          0
 12646,   172,    1250000,     905632,        0,    -344368,          0
 12646,   173,    1250000,     975616,        0,    -274384,          0
 12646,   174,    1250000,     921864,        0,    -328136,          0
 12646,   175,    1250000,     942225,        0,    -307775,          0
 12646,   176,    1250000,     997419,        0,    -252581,          0
 12646,   177,    1250000,     958371,        0,    -291629,          0
 12646,   178,    1250000,     928405,        0,    -321595,          0
 12646,   179,    1250000,     908077,        0,    -341923,          0
 12646,   180,    1250000,     956283,        0,    -293717,          0
 12646,   181,    1250000,     947923,        0,    -302077,          0
 12646,   182,    1250000,     945174,        0,    -304826,          0
 12646,   183,    1250000,     960103,        0,    -289897,          0
 12646,   184,    1250000,     930276,        0,    -319724,          0
 12646,   185,    1250000,    1001112,        0,    -248888,          0
 12646,   186,    1250000,     961195,        0,    -288805,          0
 12646,   187,    1250000,     911233,        0,    -338767,          0
 12646,   188,    1250000,    1035179,        0,    -214821,          0
 12646,   189,    1250000,     971940,        0,    -278060,          0
 12646,   190,    1250000,     967397,        0,    -282603,          0
 12646,   191,    1250000,     938426,        0,    -311574,          0
 12646,   192,    1250000,     914387,        0,    -335613,          0
 12646,   193,    1250000,    1010172,        0,    -239828,          0
 12646,   194,    1250000,     978250,        0,    -271750,          0
 12646,   195,    1250000,     991165,        0,    -258835,          0
 12646,   196,    1250000,     989092,        0,    -260908,          0
 12646,   197,    1250000,    1050339,        0,    -199661,          0
 12646,   198,    1250000,     939997,        0,    -310003,          0
 12646,   199,    1250000,     931133,        0,    -318867,          0
 12646,   200,    1250000,    1004508,        0,    -245492,          0
 12646,   201,    1250000,     953695,        0,    -296305,          0
 12646,   202,    1250000,     950008,        0,    -299992,          0
 12646,   203,    1250000,     982845,        0,    -267155,          0
 12646,   204,    1250000,     938684,        0,    -311316,          0
 12646,   205,    1250000,     990451,        0,    -259549,          0
 12646,   206,    1250000,     964972,        0,    -285028,          0
 12646,   207,    1250000,     942984,        0,    -307016,          0
 12646,   208,    1250000,     998540,        0,    -251460,          0
 12646,   209,    1250000,     944579,        0,    -305421,          0
 12646,   210,    1250000,     941105,        0,    -308895,          0
 12646,   211,    1250000,     934601,        0,    -315399,          0
 12646,   212,    1250000,     960641,        0,    -289359,          0
 12646,   213,    1250000,     925381,        0,    -324619,          0
 12646,   214,    1250000,     931391,        0,    -318609,          0
 12646,   215,    1250000,     907646,        0,    -342354,          0
 12646,   216,    1250000,    1080950,        0,    -169050,          0
 12646,   217,    1250000,     957921,        0,    -292079,          0
 12646,   218,    1250000,     920404,        0,    -329596,          0
 12646,   219,    1250000,     957324,        0,    -292676,          0
 12646,   220,    1250000,     942586,        0,    -307414,          0
 12646,   221,    1250000,     937789,        0,    -312211,          0
 12646,   222,    1250000,     962730,        0,    -287270,          0
 12646,   223,    1250000,     964827,        0,    -285173,          0
 12646,   224,    1250000,     927460,        0,    -322540,          0
 12646,   225,    1250000,     920212,        0,    -329788,          0
 12646,   226,    1250000,     944081,        0,    -305919,          0
 12646,   227,    1250000,     936204,        0,    -313796,          0
 12646,   228,    1250000,    1007669,        0,    -242331,          0
 12646,   229,    1250000,     943920,        0,    -306080,          0
 12646,   230,    1250000,    1036796,        0,    -213204,          0
 12646,   231,    1250000,     980749,        0,    -269251,          0
 12646,   232,    1250000,     899959,        0,    -350041,          0
 12646,   233,    1250000,     951711,        0,    -298289,          0
 12646,   234,    1250000,     974517,        0,    -275483,          0
 12646,   235,    1250000,     937106,        0,    -312894,          0
 12646,   236,    1250000,     956308,        0,    -293692,          0
 12646,   237,    1250000,     931453,        0,    -318547,          0
 12646,   238,    1250000,     913830,        0,    -336170,          0
 12646,   239,    1250000,     928016,        0,    -321984,          0
 12646,   240,    1250000,     937005,        0,    -312995,          0
 12646,   241,    1250000,     909133,        0,    -340867,          0
 12646,   242,    1250000,     915115,        0,    -334885,          0
 12646,   243,    1250000,    1224089,        0,     -25911,          0
 12646,   244,    1250000,    1009575,        0,    -240425,          0
 12646,   245,    1250000,     954179,        0,    -295821,          0
 12646,   246,    1250000,     955925,        0,    -294075,          0
 12646,   247,    1250000,     930376,        0,    -319624,          0
 12646,   248,    1250000,     970178,        0,    -279822,          0
 12646,   249,    1250000,     967432,        0,    -282568,          0
 12646,   250,    1250000,     997379,        0,    -252621,          0
 12646,   251,    1250000,     950162,        0,    -299838,          0
 12646,   252,    1250000,     953446,        0,    -296554,          0
 12646,   253,    1250000,     937600,        0,    -312400,          0
 12646,   254,    1250000,     916089,        0,    -333911,          0
 12646,   255,    1250000,     938929,        0,    -311071,          0
 12646,   256,    1250000,     918596,        0,    -331404,          0
 12646,   257,    1250000,    1005663,        0,    -244337,          0
 12646,   258,    1250000,    1004187,        0,    -245813,          0
 12646,   259,    1250000,     952847,        0,    -297153,          0
 12646,   260,    1250000,     916330,        0,    -333670,          0
 12646,   261,    1250000,     929798,        0,    -320202,          0
 12646,   262,    1250000,     920650,        0,    -329350,          0
 12646,   263,    1250000,     932953,        0,    -317047,          0
 12646,   264,    1250000,     953698,        0,    -296302,          0
 12646,   265,    1250000,     936144,        0,    -313856,          0
 12646,   266,    1250000,     933732,        0,    -316268,          0
 12646,   267,    1250000,     978577,        0,    -271423,          0
 12646,   268,    1250000,     935390,        0,    -314610,          0
 12646,   269,    1250000,     923974,        0,    -326026,          0
 12646,   270,    1250000,     921111,        0,    -328889,          0
 12646,   271,    1250000,     928242,        0,    -321758,          0
 12646,   272,    1250000,     932871,        0,    -317129,          0
 12646,   273,    1250000,    1026371,        0,    -223629,          0
 12646,   274,    1250000,    1024691,        0,    -225309,          0
 12646,   275,    1250000,     905024,        0,    -344976,          0
 12646,   276,    1250000,     996179,        0,    -253821,          0
 12646,   277,    1250000,     956895,        0,    -293105,          0
 12646,   278,    1250000,     923548,        0,    -326452,          0
 12646,   279,    1250000,     954174,        0,    -295826,          0
 12646,   280,    1250000,     948946,        0,    -301054,          0
 12646,   281,    1250000,     932362,        0,    -317638,          0
 12646,   282,    1250000,    1002847,        0,    -247153,          0
 12646,   283,    1250000,     931872,        0,    -318128,          0
 12646,   284,    1250000,     941687,        0,    -308313,          0
 12646,   285,    1250000,     917881,        0,    -332119,          0
 12646,   286,    1250000,     946950,        0,    -303050,          0
 12646,   287,    1250000,     899575,        0,    -350425,          0
 12646,   288,    1250000,     916832,        0,    -333168,          0
 12646,   289,    1250000,     932679,        0,    -317321,          0
 12646,   290,    1250000,     902283,        0,    -347717,          0
 12646,   291,    1250000,     929690,        0,    -320310,          0
 12646,   292,    1250000,     961242,        0,    -288758,          0
 12646,   293,    1250000,     945294,        0,    -304706,          0
 12646,   294,    1250000,     962192,        0,    -287808,          0
 12646,   295,    1250000,     925126,        0,    -324874,          0
 12646,   296,    1250000,     900305,        0,    -349695,          0
 12646,   297,    1250000,     910691,        0,    -339309,          0
 12646,   298,    1250000,     930562,        0,    -319438,          0
 12646,   299,    1250000,     936394,        0,    -313606,          0
 12646,   300,    1250000,     949294,        0,    -300706,          0
 12646,   301,    1250000,     934728,        0,    -315272,          0
 12646,   302,    1250000,     952153,        0,    -297847,          0
 12646,   303,    1250000,     935858,        0,    -314142,          0
 12646,   304,    1250000,     931104,        0,    -318896,          0
 12646,   305,    1250000,     938035,        0,    -311965,          0
 12646,   306,    1250000,     928315,        0,    -321685,          0
 12646,   307,    1250000,     916140,        0,    -333860,          0
 12646,   308,    1250000,     925133,        0,    -324867,          0
 12646,   309,    1250000,     912325,        0,    -337675,          0
 12646,   310,    1250000,     933064,        0,    -316936,          0
 12646,   311,    1250000,     984740,        0,    -265260,          0
 12646,   312,    1250000,     920648,        0,    -329352,          0
 12646,   313,    1250000,     957503,        0,    -292497,          0
 12646,   314,    1250000,     990802,        0,    -259198,          0
 12646,   315,    1250000,     932305,        0,    -317695,          0
 12646,   316,    1250000,     986550,        0,    -263450,          0
 12646,   317,    1250000,     912046,        0,    -337954,          0
 12646,   318,    1250000,     939233,        0,    -310767,          0
 12646,   319,    1250000,     982068,        0,    -267932,          0
 12646,   320,    1250000,    1048943,        0,    -201057,          0
 12646,   321,    1250000,     953997,        0,    -296003,          0
 12646,   322,    1250000,     989808,        0,    -260192,          0
 12646,   323,    1250000,     935820,        0,    -314180,          0
 12646,   324,    1250000,     998553,        0,    -251447,          0
 12646,   325,    1250000,     953856,        0,    -296144,          0
 12646,   326,    1250000,     942796,        0,    -307204,          0
 12646,   327,    1250000,     946200,        0,    -303800,          0
 12646,   328,    1250000,    1006390,        0,    -243610,          0
 12646,   329,    1250000,     918058,        0,    -331942,          0
 12646,   330,    1250000,     943767,        0,    -306233,          0
 12646,   331,    1250000,    1086344,        0,    -163656,          0
 12646,   332,    1250000,     970296,        0,    -279704,          0
 12646,   333,    1250000,     917859,        0,    -332141,          0
 12646,   334,    1250000,     942718,        0,    -307282,          0
 12646,   335,    1250000,     934207,        0,    -315793,          0
 12646,   336,    1250000,     946539,        0,    -303461,          0
 12646,   337,    1250000,     972897,        0,    -277103,          0
 12646,   338,    1250000,     913620,        0,    -336380,          0
 12646,   339,    1250000,     981926,        0,    -268074,          0
 12646,   340,    1250000,     936520,        0,    -313480,          0
 12646,   341,    1250000,     976138,        0,    -273862,          0
 12646,   342,    1250000,     927197,        0,    -322803,          0
 12646,   343,    1250000,    1246692,        0,      -3308,          0
 12646,   344,    1250000,    1028165,        0,    -221835,          0
 12646,   345,    1250000,     960610,        0,    -289390,          0
 12646,   346,    1250000,     903061,        0,    -346939,          0
 12646,   347,    1250000,     953210,        0,    -296790,          0
 12646,   348,    1250000,     938876,        0,    -311124,          0
 12646,   349,    1250000,     985597,        0,    -264403,          0
 12646,   350,    1250000,     923714,        0,    -326286,          0
 12646,   351,    1250000,     916779,        0,    -333221,          0
 12646,   352,    1250000,     916296,        0,    -333704,          0
 12646,   353,    1250000,     971903,        0,    -278097,          0
 12646,   354,    1250000,     977170,        0,    -272830,          0
 12646,   355,    1250000,     955929,        0,    -294071,          0
 12646,   356,    1250000,     948910,        0,    -301090,          0
 12646,   357,    1250000,     950622,        0,    -299378,          0
 12646,   358,    1250000,     970130,        0,    -279870,          0
 12646,   359,    1250000,     910294,        0,    -339706,          0
 12646,   360,    1250000,     954004,        0,    -295996,          0
 12646,   361,    1250000,     983403,        0,    -266597,          0
 12646,   362,    1250000,     950483,        0,    -299517,          0
 12646,   363,    1250000,     955398,        0,    -294602,          0
 12646,   364,    1250000,     952367,        0,    -297633,          0
 12646,   365,    1250000,     926798,        0,    -323202,          0
 12646,   366,    1250000,     987039,        0,    -262961,          0
 12646,   367,    1250000,     976588,        0,    -273412,          0
 12646,   368,    1250000,     920665,        0,    -329335,          0
 12646,   369,    1250000,     924937,        0,    -325063,          0
 12646,   370,    1250000,     907024,        0,    -342976,          0
 12646,   371,    1250000,     906623,        0,    -343377,          0
 12646,   372,    1250000,     973586,        0,    -276414,          0
 12646,   373,    1250000,     968323,        0,    -281677,          0
 12646,   374,    1250000,    1007065,        0,    -242935,          0
 12646,   375,    1250000,    1005597,        0,    -244403,          0
 12646,   376,    1250000,     964920,        0,    -285080,          0
 12646,   377,    1250000,     926615,        0,    -323385,          0
 12646,   378,    1250000,     934367,        0,    -315633,          0
 12646,   379,    1250000,     913538,        0,    -336462,          0
 12646,   380,    1250000,     952338,        0,    -297662,          0
 12646,   381,    1250000,     922595,        0,    -327405,          0
 12646,   382,    1250000,     928681,        0,    -321319,          0
 12646,   383,    1250000,     920020,        0,    -329980,          0
 12646,   384,    1250000,     969189,        0,    -280811,          0
 12646,   385,    1250000,     931752,        0,    -318248,          0
 12646,   386,    1250000,     950923,        0,    -299077,          0
 12646,   387,    1250000,     938389,        0,    -311611,          0
 12646,   388,    1250000,     942801,        0,    -307199,          0
 12646,   389,    1250000,     913542,        0,    -336458,          0
 12646,   390,    1250000,     945555,        0,    -304445,          0
 12646,   391,    1250000,     948993,        0,    -301007,          0
 12646,   392,    1250000,     974989,        0,    -275011,          0
 12646,   393,    1250000,     978088,        0,    -271912,          0
 12646,   394,    1250000,     912608,        0,    -337392,          0
 12646,   395,    1250000,     920375,        0,    -329625,          0
 12646,   396,    1250000,     910162,        0,    -339838,          0
 12646,   397,    1250000,     925801,        0,    -324199,          0
 12646,   398,    1250000,     931649,        0,    -318351,          0
 12646,   399,    1250000,     931250,        0,    -318750,          0
 12646,   400,    1250000,     980152,        0,    -269848,          0
 12646,   401,    1250000,     954743,        0,    -295257,          0
 12646,   402,    1250000,     947855,        0,    -302145,          0
 12646,   403,    1250000,     927951,        0,    -322049,          0
 12646,   404,    1250000,     947447,        0,    -302553,          0
 12646,   405,    1250000,     943241,        0,    -306759,          0
 12646,   406,    1250000,     958806,        0,    -291194,          0
 12646,   407,    1250000,     938014,        0,    -311986,          0
 12646,   408,    1250000,     948122,        0,    -301878,          0
 12646,   409,    1250000,     918173,        0,    -331827,          0
 12646,   410,    1250000,     939645,        0,    -310355,          0
 12646,   411,    1250000,     938442,        0,    -311558,          0
 12646,   412,    1250000,     944683,        0,    -305317,          0
 12646,   413,    1250000,     934721,        0,    -315279,          0
 12646,   414,    1250000,     933279,        0,    -316721,          0
 12646,   415,    1250000,     928183,        0,    -321817,          0
 12646,   416,    1250000,     914593,        0,    -335407,          0
 12646,   417,    1250000,     989184,        0,    -260816,          0
 12646,   418,    1250000,     981646,        0,    -268354,          0
 12646,   419,    1250000,     917383,        0,    -332617,          0
 12646,   420,    1250000,     947147,        0,    -302853,          0
 12646,   421,    1250000,     950703,        0,    -299297,          0
 12646,   422,    1250000,     928242,        0,    -321758,          0
 12646,   423,    1250000,     965282,        0,    -284718,          0
 12646,   424,    1250000,     981562,        0,    -268438,          0
 12646,   425,    1250000,     927736,        0,    -322264,          0
 12646,   426,    1250000,     927999,        0,    -322001,          0
 12646,   427,    1250000,     955674,        0,    -294326,          0
 12646,   428,    1250000,     946278,        0,    -303722,          0
 12646,   429,    1250000,     942891,        0,    -307109,          0
 12646,   430,    1250000,     978187,        0,    -271813,          0
 12646,   431,    1250000,     954889,        0,    -295111,          0
 12646,   432,    1250000,    1013442,        0,    -236558,          0
 12646,   433,    1250000,     975059,        0,    -274941,          0
 12646,   434,    1250000,     940807,        0,    -309193,          0
 12646,   435,    1250000,     957463,        0,    -292537,          0
 12646,   436,    1250000,     988943,        0,    -261057,          0
 12646,   437,    1250000,     924544,        0,    -325456,          0
 12646,   438,    1250000,    1048599,        0,    -201401,          0
 12646,   439,    1250000,     932378,        0,    -317622,          0
 12646,   440,    1250000,     977640,        0,    -272360,          0
 12646,   441,    1250000,     951656,        0,    -298344,          0
 12646,   442,    1250000,     913375,        0,    -336625,          0
 12646,   443,    1250000,    1181016,        0,     -68984,          0
 12646,   444,    1250000,    1004046,        0,    -245954,          0
 12646,   445,    1250000,    1002393,        0,    -247607,          0
 12646,   446,    1250000,     951867,        0,    -298133,          0
 12646,   447,    1250000,     957907,        0,    -292093,          0
 12646,   448,    1250000,     927302,        0,    -322698,          0
 12646,   449,    1250000,     962706,        0,    -287294,          0
 12646,   450,    1250000,     933521,        0,    -316479,          0
 12646,   451,    1250000,     909804,        0,    -340196,          0
 12646,   452,    1250000,     907102,        0,    -342898,          0
 12646,   453,    1250000,     999036,        0,    -250964,          0
 12646,   454,    1250000,     957064,        0,    -292936,          0
 12646,   455,    1250000,     901089,        0,    -348911,          0
 12646,   456,    1250000,     936402,        0,    -313598,          0
 12646,   457,    1250000,     937288,        0,    -312712,          0
 12646,   458,    1250000,     942773,        0,    -307227,          0
 12646,   459,    1250000,     945925,        0,    -304075,          0
 12646,   460,    1250000,     914720,        0,    -335280,          0
 12646,   461,    1250000,     921358,        0,    -328642,          0
 12646,   462,    1250000,     930497,        0,    -319503,          0
 12646,   463,    1250000,     953558,        0,    -296442,          0
 12646,   464,    1250000,     936018,        0,    -313982,          0
 12646,   465,    1250000,     933063,        0,    -316937,          0
 12646,   466,    1250000,     967059,        0,    -282941,          0
 12646,   467,    1250000,     964012,        0,    -285988,          0
 12646,   468,    1250000,     937334,        0,    -312666,          0
 12646,   469,    1250000,     977608,        0,    -272392,          0
 12646,   470,    1250000,     960723,        0,    -289277,          0
 12646,   471,    1250000,     930423,        0,    -319577,          0
 12646,   472,    1250000,     945902,        0,    -304098,          0
 12646,   473,    1250000,     957517,        0,    -292483,          0
 12646,   474,    1250000,     921828,        0,    -328172,          0
 12646,   475,    1250000,     930138,        0,    -319862,          0
 12646,   476,    1250000,     925485,        0,    -324515,          0
 12646,   477,    1250000,     910986,        0,    -339014,          0
 12646,   478,    1250000,     969453,        0,    -280547,          0
 12646,   479,    1250000,     935396,        0,    -314604,          0
 12646,   480,    1250000,     996462,        0,    -253538,          0
 12646,   481,    1250000,     921955,        0,    -328045,          0
 12646,   482,    1250000,     942656,        0,    -307344,          0
 12646,   483,    1250000,     924970,        0,    -325030,          0
 12646,   484,    1250000,     969135,        0,    -280865,          0
 12646,   485,    1250000,     975826,        0,    -274174,          0
 12646,   486,    1250000,     961929,        0,    -288071,          0
 12646,   487,    1250000,     907866,        0,    -342134,          0
 12646,   488,    1250000,     935059,        0,    -314941,          0
 12646,   489,    1250000,     946151,        0,    -303849,          0
 12646,   490,    1250000,     950469,        0,    -299531,          0
 12646,   491,    1250000,     923473,        0,    -326527,          0
 12646,   492,    1250000,     968502,        0,    -281498,          0
 12646,   493,    1250000,     929414,        0,    -320586,          0
 12646,   494,    1250000,     926311,        0,    -323689,          0
 12646,   495,    1250000,     946729,        0,    -303271,          0
 12646,   496,    1250000,     944732,        0,    -305268,          0
 12646,   497,    1250000,     934061,        0,    -315939,          0
 12646,   498,    1250000,     936771,        0,    -313229,          0
 12646,   499,    1250000,     932052,        0,    -317948,          0
 12646,   500,    1250000,     966864,        0,    -283136,          0
 12646,   501,    1250000,     965615,        0,    -284385,          0
 12646,   502,    1250000,     945220,        0,    -304780,          0
 12646,   503,    1250000,     917919,        0,    -332081,          0
 12646,   504,    1250000,     945063,        0,    -304937,          0
 12646,   505,    1250000,     989350,        0,    -260650,          0
 12646,   506,    1250000,     932391,        0,    -317609,          0
 12646,   507,    1250000,     911716,        0,    -338284,          0
 12646,   508,    1250000,    1022683,        0,    -227317,          0
 12646,   509,    1250000,     952282,        0,    -297718,          0
 12646,   510,    1250000,     931221,        0,    -318779,          0
 12646,   511,    1250000,     905109,        0,    -344891,          0
 12646,   512,    1250000,     963776,        0,    -286224,          0
 12646,   513,    1250000,     921562,        0,    -328438,          0
 12646,   514,    1250000,     929025,        0,    -320975,          0
 12646,   515,    1250000,     931567,        0,    -318433,          0
 12646,   516,    1250000,     903915,        0,    -346085,          0
 12646,   517,    1250000,     933411,        0,    -316589,          0
 12646,   518,    1250000,     954762,        0,    -295238,          0
 12646,   519,    1250000,     929902,        0,    -320098,          0
 12646,   520,    1250000,     927545,        0,    -322455,          0
 12646,   521,    1250000,     980111,        0,    -269889,          0
 12646,   522,    1250000,     939910,        0,    -310090,          0
 12646,   523,    1250000,     936690,        0,    -313310,          0
 12646,   524,    1250000,    1053649,        0,    -196351,          0
 12646,   525,    1250000,     928919,        0,    -321081,          0
 12646,   526,    1250000,     967633,        0,    -282367,          0
 12646,   527,    1250000,     937373,        0,    -312627,          0
 12646,   528,    1250000,     979065,        0,    -270935,          0
 12646,   529,    1250000,     917152,        0,    -332848,          0
 12646,   530,    1250000,     919439,        0,    -330561,          0
 12646,   531,    1250000,     913054,        0,    -336946,          0
 12646,   532,    1250000,     955565,        0,    -294435,          0
 12646,   533,    1250000,     965811,        0,    -284189,          0
 12646,   534,    1250000,     939887,        0,    -310113,          0
 12646,   535,    1250000,     956707,        0,    -293293,          0
 12646,   536,    1250000,     970784,        0,    -279216,          0
 12646,   537,    1250000,     988328,        0,    -261672,          0
 12646,   538,    1250000,     964036,        0,    -285964,          0
 12646,   539,    1250000,     907160,        0,    -342840,          0
 12646,   540,    1250000,     936586,        0,    -313414,          0
 12646,   541,    1250000,     930979,        0,    -319021,          0
 12646,   542,    1250000,    1010537,        0,    -239463,          0
 12646,   543,    1250000,    1211615,        0,     -38385,          0
 12646,   544,    1250000,    1035827,        0,    -214173,          0
 12646,   545,    1250000,     931924,        0,    -318076,          0
 12646,   546,    1250000,     917014,        0,    -332986,          0
 12646,   547,    1250000,     942068,        0,    -307932,          0
 12646,   548,    1250000,     900844,        0,    -349156,          0
 12646,   549,    1250000,     913199,        0,    -336801,          0
 12646,   550,    1250000,     969538,        0,    -280462,          0
 12646,   551,    1250000,     923533,        0,    -326467,          0
 12646,   552,    1250000,     913655,        0,    -336345,          0
 12646,   553,    1250000,     963012,        0,    -286988,          0
 12646,   554,    1250000,     914328,        0,    -335672,          0
 12646,   555,    1250000,     906694,        0,    -343306,          0
 12646,   556,    1250000,     957647,        0,    -292353,          0
 12646,   557,    1250000,     947721,        0,    -302279,          0
 12646,   558,    1250000,     950486,        0,    -299514,          0
 12646,   559,    1250000,     905583,        0,    -344417,          0
 12646,   560,    1250000,     914520,        0,    -335480,          0
 12646,   561,    1250000,     925826,        0,    -324174,          0
 12646,   562,    1250000,     941830,        0,    -308170,          0
 12646,   563,    1250000,     967940,        0,    -282060,          0
 12646,   564,    1250000,     927684,        0,    -322316,          0
 12646,   565,    1250000,     921425,        0,    -328575,          0
 12646,   566,    1250000,     918219,        0,    -331781,          0
 12646,   567,    1250000,     980579,        0,    -269421,          0
 12646,   568,    1250000,     929822,        0,    -320178,          0
 12646,   569,    1250000,    1013232,        0,    -236768,          0
 12646,   570,    1250000,     921095,        0,    -328905,          0
 12646,   571,    1250000,     940934,        0,    -309066,          0
 12646,   572,    1250000,     966058,        0,    -283942,          0
 12646,   573,    1250000,     978214,        0,    -271786,          0
 12646,   574,    1250000,    1003047,        0,    -246953,          0
 12646,   575,    1250000,     964185,        0,    -285815,          0
 12646,   576,    1250000,     978970,        0,    -271030,          0
 12646,   577,    1250000,    1011074,        0,    -238926,          0
 12646,   578,    1250000,     974156,        0,    -275844,          0
 12646,   579,    1250000,     911098,        0,    -338902,          0
 12646,   580,    1250000,     954585,        0,    -295415,          0
 12646,   581,    1250000,     910123,        0,    -339877,          0
 12646,   582,    1250000,     939290,        0,    -310710,          0
 12646,   583,    1250000,     998651,        0,    -251349,          0
 12646,   584,    1250000,     936118,        0,    -313882,          0
 12646,   585,    1250000,     927467,        0,    -322533,          0
 12646,   586,    1250000,     940839,        0,    -309161,          0
 12646,   587,    1250000,     927982,        0,    -322018,          0
 12646,   588,    1250000,     988187,        0,    -261813,          0
 12646,   589,    1250000,     920340,        0,    -329660,          0
 12646,   590,    1250000,     906603,        0,    -343397,          0
 12646,   591,    1250000,     943288,        0,    -306712,          0
 12646,   592,    1250000,     991067,        0,    -258933,          0
 12646,   593,    1250000,     945044,        0,    -304956,          0
 12646,   594,    1250000,     932951,        0,    -317049,          0
 12646,   595,    1250000,     939614,        0,    -310386,          0
 12646,   596,    1250000,     963687,        0,    -286313,          0
 12646,   597,    1250000,     930601,        0,    -319399,          0
 12646,   598,    1250000,     941669,        0,    -308331,          0
 12646,   599,    1250000,     954621,        0,    -295379,          0
 12646,   600,    1250000,     937486,        0,    -312514,          0
 12646,   601,    1250000,     952865,        0,    -297135,          0
 12646,   602,    1250000,     968993,        0,    -281007,          0
 12646,   603,    1250000,     962413,        0,    -287587,          0
 12646,   604,    1250000,     906893,        0,    -343107,          0
 12646,   605,    1250000,     930725,        0,    -319275,          0
 12646,   606,    1250000,     933413,        0,    -316587,          0
 12646,   607,    1250000,     954243,        0,    -295757,          0
 12646,   608,    1250000,     983211,        0,    -266789,          0
 12646,   609,    1250000,     914179,        0,    -335821,          0
 12646,   610,    1250000,     912387,        0,    -337613,          0
 12646,   611,    1250000,     913112,        0,    -336888,          0
 12646,   612,    1250000,    1019094,        0,    -230906,          0
 12646,   613,    1250000,     953764,        0,    -296236,          0
 12646,   614,    1250000,     919599,        0,    -330401,          0
 12646,   615,    1250000,     934993,        0,    -315007,          0
 12646,   616,    1250000,    1000461,        0,    -249539,          0
 12646,   617,    1250000,     948270,        0,    -301730,          0
 12646,   618,    1250000,    1006489,        0,    -243511,          0
 12646,   619,    1250000,     922409,        0,    -327591,          0
 12646,   620,    1250000,     989833,        0,    -260167,          0
 12646,   621,    1250000,     965641,        0,    -284359,          0
 12646,   622,    1250000,     953556,        0,    -296444,          0
 12646,   623,    1250000,     918493,        0,    -331507,          0
 12646,   624,    1250000,     919338,        0,    -330662,          0
 12646,   625,    1250000,     930675,        0,    -319325,          0
 12646,   626,    1250000,     905461,        0,    -344539,          0
 12646,   627,    1250000,     913732,        0,    -336268,          0
 12646,   628,    1250000,     955293,        0,    -294707,          0
 12646,   629,    1250000,     962955,        0,    -287045,          0
 12646,   630,    1250000,     923449,        0,    -326551,          0
 12646,   631,    1250000,     921945,        0,    -328055,          0
 12646,   632,    1250000,     922115,        0,    -327885,          0
 12646,   633,    1250000,     933775,        0,    -316225,          0
 12646,   634,    1250000,     912582,        0,    -337418,          0
 12646,   635,    1250000,     926796,        0,    -323204,          0
 12646,   636,    1250000,     928686,        0,    -321314,          0
 12646,   637,    1250000,     917419,        0,    -332581,          0
 12646,   638,    1250000,     934903,        0,    -315097,          0
 12646,   639,    1250000,     953611,        0,    -296389,          0
 12646,   640,    1250000,     959978,        0,    -290022,          0
 12646,   641,    1250000,     948342,        0,    -301658,          0
 12646,   642,    1250000,    1019984,        0,    -230016,          0
 12646,   643,    1250000,    1293137,        1,      43137,      43137
 12646,   644,    1250000,     920930,        0,    -329070,          0
 12646,   645,    1250000,     969042,        0,    -280958,          0
 12646,   646,    1250000,     978857,        0,    -271143,          0
 12646,   647,    1250000,     976287,        0,    -273713,          0
 12646,   648,    1250000,     936055,        0,    -313945,          0
 12646,   649,    1250000,    1015955,        0,    -234045,          0
 12646,   650,    1250000,     940704,        0,    -309296,          0
 12646,   651,    1250000,     941265,        0,    -308735,          0
 12646,   652,    1250000,     901807,        0,    -348193,          0
 12646,   653,    1250000,     982731,        0,    -267269,          0
 12646,   654,    1250000,     938436,        0,    -311564,          0
 12646,   655,    1250000,     927492,        0,    -322508,          0
 12646,   656,    1250000,     917141,        0,    -332859,          0
 12646,   657,    1250000,     973424,        0,    -276576,          0
 12646,   658,    1250000,     908167,        0,    -341833,          0
 12646,   659,    1250000,     933894,        0,    -316106,          0
 12646,   660,    1250000,    1021823,        0,    -228177,          0
 12646,   661,    1250000,     907377,        0,    -342623,          0
 12646,   662,    1250000,     964482,        0,    -285518,          0
 12646,   663,    1250000,     933045,        0,    -316955,          0
 12646,   664,    1250000,     971474,        0,    -278526,          0
 12646,   665,    1250000,     948137,        0,    -301863,          0
 12646,   666,    1250000,     956975,        0,    -293025,          0
 12646,   667,    1250000,     950556,        0,    -299444,          0
 12646,   668,    1250000,     957085,        0,    -292915,          0
 12646,   669,    1250000,     916701,        0,    -333299,          0
 12646,   670,    1250000,     911661,        0,    -338339,          0
 12646,   671,    1250000,     908910,        0,    -341090,          0
 12646,   672,    1250000,     941560,        0,    -308440,          0
 12646,   673,    1250000,     944579,        0,    -305421,          0
 12646,   674,    1250000,     965440,        0,    -284560,          0
 12646,   675,    1250000,     952493,        0,    -297507,          0
 12646,   676,    1250000,     915581,        0,    -334419,          0
 12646,   677,    1250000,     985399,        0,    -264601,          0
 12646,   678,    1250000,     974884,        0,    -275116,          0
 12646,   679,    1250000,     931067,        0,    -318933,          0
 12646,   680,    1250000,     921971,        0,    -328029,          0
 12646,   681,    1250000,     963789,        0,    -286211,          0
 12646,   682,    1250000,     975226,        0,    -274774,          0
 12646,   683,    1250000,     916881,        0,    -333119,          0
 12646,   684,    1250000,     984451,        0,    -265549,          0
 12646,   685,    1250000,     959305,        0,    -290695,          0
 12646,   686,    1250000,     931356,        0,    -318644,          0
 12646,   687,    1250000,     981957,        0,    -268043,          0
 12646,   688,    1250000,     923744,        0,    -326256,          0
 12646,   689,    1250000,     918241,        0,    -331759,          0
 12646,   690,    1250000,     907080,        0,    -342920,          0
 12646,   691,    1250000,     922414,        0,    -327586,          0
 12646,   692,    1250000,     941543,        0,    -308457,          0
 12646,   693,    1250000,     938217,        0,    -311783,          0
 12646,   694,    1250000,    1017702,        0,    -232298,          0
 12646,   695,    1250000,     912271,        0,    -337729,          0
 12646,   696,    1250000,     929037,        0,    -320963,          0
 12646,   697,    1250000,     927684,        0,    -322316,          0
 12646,   698,    1250000,     924351,        0,    -325649,          0
 12646,   699,    1250000,     956800,        0,    -293200,          0
 12646,   700,    1250000,     944098,        0,    -305902,          0
 12646,   701,    1250000,     912240,        0,    -337760,          0
 12646,   702,    1250000,     990460,        0,    -259540,          0
 12646,   703,    1250000,     954969,        0,    -295031,          0
 12646,   704,    1250000,     936078,        0,    -313922,          0
 12646,   705,    1250000,     940669,        0,    -309331,          0
 12646,   706,    1250000,     938191,        0,    -311809,          0
 12646,   707,    1250000,     951681,        0,    -298319,          0
 12646,   708,    1250000,     971730,        0,    -278270,          0
 12646,   709,    1250000,     946440,        0,    -303560,          0
 12646,   710,    1250000,    1001200,        0,    -248800,          0
 12646,   711,    1250000,     915163,        0,    -334837,          0
 12646,   712,    1250000,     916590,        0,    -333410,          0
 12646,   713,    1250000,     963820,        0,    -286180,          0
 12646,   714,    1250000,     932219,        0,    -317781,          0
 12646,   715,    1250000,     904571,        0,    -345429,          0
 12646,   716,    1250000,     956921,        0,    -293079,          0
 12646,   717,    1250000,     995649,        0,    -254351,          0
 12646,   718,    1250000,     903087,        0,    -346913,          0
 12646,   719,    1250000,     934309,        0,    -315691,          0
 12646,   720,    1250000,     926783,        0,    -323217,          0
 12646,   721,    1250000,     948737,        0,    -301263,          0
 12646,   722,    1250000,     931842,        0,    -318158,          0
 12646,   723,    1250000,     978489,        0,    -271511,          0
 12646,   724,    1250000,     915824,        0,    -334176,          0
 12646,   725,    1250000,     913518,        0,    -336482,          0
 12646,   726,    1250000,     922245,        0,    -327755,          0
 12646,   727,    1250000,     951865,        0,    -298135,          0
 12646,   728,    1250000,     973436,        0,    -276564,          0
 12646,   729,    1250000,     950371,        0,    -299629,          0
 12646,   730,    1250000,     966826,        0,    -283174,          0
 12646,   731,    1250000,     920377,        0,    -329623,          0
 12646,   732,    1250000,     938961,        0,    -311039,          0
 12646,   733,    1250000,     931319,        0,    -318681,          0
 12646,   734,    1250000,     955468,        0,    -294532,          0
 12646,   735,    1250000,     949157,        0,    -300843,          0
 12646,   736,    1250000,     929358,        0,    -320642,          0
 12646,   737,    1250000,     945993,        0,    -304007,          0
 12646,   738,    1250000,     949740,        0,    -300260,          0
 12646,   739,    1250000,     927964,        0,    -322036,          0
 12646,   740,    1250000,     906749,        0,    -343251,          0
 12646,   741,    1250000,     983076,        0,    -266924,          0
 12646,   742,    1250000,     998926,        0,    -251074,          0
 12646,   743,    1250000,    1194981,        0,     -55019,          0
 12646,   744,    1250000,    1012600,        0,    -237400,          0
 12646,   745,    1250000,     970446,        0,    -279554,          0
 12646,   746,    1250000,     926152,        0,    -323848,          0
 12646,   747,    1250000,     925765,        0,    -324235,          0
 12646,   748,    1250000,     977440,        0,    -272560,          0
 12646,   749,    1250000,     965852,        0,    -284148,          0
 12646,   750,    1250000,     927877,        0,    -322123,          0
 12646,   751,    1250000,     946205,        0,    -303795,          0
 12646,   752,    1250000,     938242,        0,    -311758,          0
 12646,   753,    1250000,     906225,        0,    -343775,          0
 12646,   754,    1250000,     903174,        0,    -346826,          0
 12646,   755,    1250000,     938618,        0,    -311382,          0
 12646,   756,    1250000,     931964,        0,    -318036,          0
 12646,   757,    1250000,     948820,        0,    -301180,          0
 12646,   758,    1250000,     927286,        0,    -322714,          0
 12646,   759,    1250000,     964442,        0,    -285558,          0
 12646,   760,    1250000,     970920,        0,    -279080,          0
 12646,   761,    1250000,     913236,        0,    -336764,          0
 12646,   762,    1250000,    1034996,        0,    -215004,          0
 12646,   763,    1250000,     923945,        0,    -326055,          0
 12646,   764,    1250000,    1017778,        0,    -232222,          0
 12646,   765,    1250000,     932960,        0,    -317040,          0
 12646,   766,    1250000,     938068,        0,    -311932,          0
 12646,   767,    1250000,     928947,        0,    -321053,          0
 12646,   768,    1250000,     933648,        0,    -316352,          0
 12646,   769,    1250000,     924375,        0,    -325625,          0
 12646,   770,    1250000,     919117,        0,    -330883,          0
 12646,   771,    1250000,     935517,        0,    -314483,          0
 12646,   772,    1250000,     931925,        0,    -318075,          0
 12646,   773,    1250000,     913575,        0,    -336425,          0
 12646,   774,    1250000,     971729,        0,    -278271,          0
 12646,   775,    1250000,     946186,        0,    -303814,          0
 12646,   776,    1250000,     974242,        0,    -275758,          0
 12646,   777,    1250000,     984240,        0,    -265760,          0
 12646,   778,    1250000,    1011286,        0,    -238714,          0
 12646,   779,    1250000,     957263,        0,    -292737,          0
 12646,   780,    1250000,     945108,        0,    -304892,          0
 12646,   781,    1250000,     940311,        0,    -309689,          0
 12646,   782,    1250000,     927458,        0,    -322542,          0
 12646,   783,    1250000,     912424,        0,    -337576,          0
 12646,   784,    1250000,     935731,        0,    -314269,          0
 12646,   785,    1250000,     944346,        0,    -305654,          0
 12646,   786,    1250000,     961913,        0,    -288087,          0
 12646,   787,    1250000,     957450,        0,    -292550,          0
 12646,   788,    1250000,     941189,        0,    -308811,          0
 12646,   789,    1250000,     928020,        0,    -321980,          0
 12646,   790,    1250000,     955377,        0,    -294623,          0
 12646,   791,    1250000,     952472,        0,    -297528,          0
 12646,   792,    1250000,    1035322,        0,    -214678,          0
 12646,   793,    1250000,     980873,        0,    -269127,          0
 12646,   794,    1250000,     954536,        0,    -295464,          0
 12646,   795,    1250000,     911074,        0,    -338926,          0
 12646,   796,    1250000,     924765,        0,    -325235,          0
 12646,   797,    1250000,     974958,        0,    -275042,          0
 12646,   798,    1250000,     942003,        0,    -307997,          0
 12646,   799,    1250000,     920955,        0,    -329045,          0
 12646,   800,    1250000,     978383,        0,    -271617,          0
 12646,   801,    1250000,     954348,        0,    -295652,          0
 12646,   802,    1250000,     952592,        0,    -297408,          0
 12646,   803,    1250000,     899191,        0,    -350809,          0
 12646,   804,    1250000,    1010222,        0,    -239778,          0
