# Task,   Job,     Period,   Response, DL Miss?,   Lateness,  Tardiness
# task NAME=myapp PID=12290 COST=1000000 PERIOD=1250000 CPU=0
 12290,     2,    1250000,      11933,        0,   -1238067,          0
 12290,     3,    1250000,      40292,        0,   -1209708,          0
 12290,     4,    1250000,     964720,        0,    -285280,          0
 12290,     5,    1250000,     962158,        0,    -287842,          0
 12290,     6,    1250000,     911676,        0,    -338324,          0
 12290,     7,    1250000,     930923,        0,    -319077,          0
 12290,     8,    1250000,    1010276,        0,    -239724,          0
 12290,     9,    1250000,     920159,        0,    -329841,          0
 12290,    10,    1250000,     942199,        0,    -307801,          0
 12290,    11,    1250000,     933795,        0,    -316205,          0
 12290,    12,    1250000,     918860,        0,    -331140,          0
 12290,    13,    1250000,     983236,        0,    -266764,          0
 12290,    14,    1250000,     919300,        0,    -330700,          0
 12290,    15,    1250000,     969449,        0,    -280551,          0
 12290,    16,    1250000,     901498,        0,    -348502,          0
 12290,    17,    1250000,     920946,        0,    -329054,          0
 12290,    18,    1250000,     987808,        0,    -262192,          0
 12290,    19,    1250000,     949625,        0,    -300375,          0
 12290,    20,    1250000,    1021865,        0,    -228135,          0
 12290,    21,    1250000,     926666,        0,    -323334,          0
 12290,    22,    1250000,     922853,        0,    -327147,          0
 12290,    23,    1250000,     937125,        0,    -312875,          0
 12290,    24,    1250000,     970496,        0,    -279504,          0
 12290,    25,    1250000,     927967,        0,    -322033,          0
 12290,    26,    1250000,    1032240,        0,    -217760,          0
 12290,    27,    1250000,     947374,        0,    -302626,          0
 12290,    28,    1250000,     942452,        0,    -307548,          0
 12290,    29,    1250000,     925223,        0,    -324777,          0
 12290,    30,    1250000,     944697,        0,    -305303,          0
 12290,    31,    1250000,     923826,        0,    -326174,          0
 12290,    32,    1250000,     940054,        0,    -309946,          0
 12290,    33,    1250000,     922873,        0,    -327127,          0
 12290,    34,    1250000,     936900,        0,    -313100,          0
 12290,    35,    1250000,    1020567,        0,    -229433,          0
 12290,    36,    1250000,     972845,        0,    -277155,          0
 12290,    37,    1250000,     914049,        0,    -335951,          0
 12290,    38,    1250000,     947944,        0,    -302056,          0
 12290,    39,    1250000,     914313,        0,    -335687,          0
 12290,    40,    1250000,     993277,        0,    -256723,          0
 12290,    41,    1250000,     930834,        0,    -319166,          0
 12290,    42,    1250000,     897561,        0,    -352439,          0
 12290,    43,    1250000,     985500,        0,    -264500,          0
 12290,    44,    1250000,     938269,        0,    -311731,          0
 12290,    45,    1250000,    1006902,        0,    -243098,          0
 12290,    46,    1250000,     945779,        0,    -304221,          0
 12290,    47,    1250000,     913548,        0,    -336452,          0
 12290,    48,    1250000,     934596,        0,    -315404,          0
 12290,    49,    1250000,     936420,        0,    -313580,          0
 12290,    50,    1250000,     936213,        0,    -313787,          0
 12290,    51,    1250000,     939320,        0,    -310680,          0
 12290,    52,    1250000,     953909,        0,    -296091,          0
 12290,    53,    1250000,     918703,        0,    -331297,          0
 12290,    54,    1250000,     912376,        0,    -337624,          0
 12290,    55,    1250000,     971504,        0,    -278496,          0
 12290,    56,    1250000,    1019722,        0,    -230278,          0
 12290,    57,    1250000,    1006200,        0,    -243800,          0
 12290,    58,    1250000,     927048,        0,    -322952,          0
 12290,    59,    1250000,     907587,        0,    -342413,          0
 12290,    60,    1250000,     949483,        0,    -300517,          0
 12290,    61,    1250000,     919792,        0,    -330208,          0
 12290,    62,    1250000,     947468,        0,    -302532,          0
 12290,    63,    1250000,     923228,        0,    -326772,          0
 12290,    64,    1250000,     990752,        0,    -259248,          0
 12290,    65,    1250000,     915565,        0,    -334435,          0
 12290,    66,    1250000,     944762,        0,    -305238,          0
 12290,    67,    1250000,     962595,        0,    -287405,          0
 12290,    68,    1250000,     913417,        0,    -336583,          0
 12290,    69,    1250000,     964864,        0,    -285136,          0
 12290,    70,    1250000,     917252,        0,    -332748,          0
 12290,    71,    1250000,     979692,        0,    -270308,          0
 12290,    72,    1250000,     922342,        0,    -327658,          0
 12290,    73,    1250000,     942028,        0,    -307972,          0
 12290,    74,    1250000,     964590,        0,    -285410,          0
 12290,    75,    1250000,     981083,        0,    -268917,          0
 12290,    76,    1250000,     991383,        0,    -258617,          0
 12290,    77,    1250000,     967755,        0,    -282245,          0
 12290,    78,    1250000,     955423,        0,    -294577,          0
 12290,    79,    1250000,     941518,        0,    -308482,          0
 12290,    80,    1250000,     909570,        0,    -340430,          0
 12290,    81,    1250000,     919700,        0,    -330300,          0
 12290,    82,    1250000,     918685,        0,    -331315,          0
 12290,    83,    1250000,     950589,        0,    -299411,          0
 12290,    84,    1250000,     953020,        0,    -296980,          0
 12290,    85,    1250000,     935497,        0,    -314503,          0
 12290,    86,    1250000,     919097,        0,    -330903,          0
 12290,    87,    1250000,     909831,        0,    -340169,          0
 12290,    88,    1250000,     939513,        0,    -310487,          0
 12290,    89,    1250000,     935913,        0,    -314087,          0
 12290,    90,    1250000,     969286,        0,    -280714,          0
 12290,    91,    1250000,     921219,        0,    -328781,          0
 12290,    92,    1250000,     932999,        0,    -317001,          0
 12290,    93,    1250000,     907414,        0,    -342586,          0
 12290,    94,    1250000,     977597,        0,    -272403,          0
 12290,    95,    1250000,     986957,        0,    -263043,          0
 12290,    96,    1250000,     925793,        0,    -324207,          0
 12290,    97,    1250000,     942475,        0,    -307525,          0
 12290,    98,    1250000,    1197713,        0,     -52287,          0
 12290,    99,    1250000,     967086,        0,    -282914,          0
 12290,   100,    1250000,     944087,        0,    -305913,          0
 12290,   101,    1250000,     930948,        0,    -319052,          0
 12290,   102,    1250000,     946946,        0,    -303054,          0
 12290,   103,    1250000,     935420,        0,    -314580,          0
 12290,   104,    1250000,     924584,        0,    -325416,          0
 12290,   105,    1250000,     941775,        0,    -308225,          0
 12290,   106,    1250000,     917597,        0,    -332403,          0
 12290,   107,    1250000,     930929,        0,    -319071,          0
 12290,   108,    1250000,     975145,        0,    -274855,          0
 12290,   109,    1250000,     959672,        0,    -290328,          0
 12290,   110,    1250000,     948839,        0,    -301161,          0
 12290,   111,    1250000,     916920,        0,    -333080,          0
 12290,   112,    1250000,     959560,        0,    -290440,          0
 12290,   113,    1250000,     923969,        0,    -326031,          0
 12290,   114,    1250000,    1008582,        0,    -241418,          0
 12290,   115,    1250000,     947566,        0,    -302434,          0
 12290,   116,    1250000,     925714,        0,    -324286,          0
 12290,   117,    1250000,     914580,        0,    -335420,          0
 12290,   118,    1250000,     961172,        0,    -288828,          0
 12290,   119,    1250000,     930814,        0,    -319186,          0
 12290,   120,    1250000,     932808,        0,    -317192,          0
 12290,   121,    1250000,     906814,        0,    -343186,          0
 12290,   122,    1250000,     922594,        0,    -327406,          0
 12290,   123,    1250000,     982598,        0,    -267402,          0
 12290,   124,    1250000,     972520,        0,    -277480,          0
 12290,   125,    1250000,     954028,        0,    -295972,          0
 12290,   126,    1250000,     945096,        0,    -304904,          0
 12290,   127,    1250000,     958237,        0,    -291763,          0
 12290,   128,    1250000,     922518,        0,    -327482,          0
 12290,   129,    1250000,     964291,        0,    -285709,          0
 12290,   130,    1250000,     948199,        0,    -301801,          0
 12290,   131,    1250000,     952070,        0,    -297930,          0
 12290,   132,    1250000,    1044457,        0,    -205543,          0
 12290,   133,    1250000,     970048,        0,    -279952,          0
 12290,   134,    1250000,     983705,        0,    -266295,          0
 12290,   135,    1250000,     951817,        0,    -298183,          0
 12290,   136,    1250000,     931975,        0,    -318025,          0
 12290,   137,    1250000,     940948,        0,    -309052,          0
 12290,   138,    1250000,     931618,        0,    -318382,          0
 12290,   139,    1250000,     928079,        0,    -321921,          0
 12290,   140,    1250000,     936373,        0,    -313627,          0
 12290,   141,    1250000,     939466,        0,    -310534,          0
 12290,   142,    1250000,     957900,        0,    -292100,          0
 12290,   143,    1250000,     961109,        0,    -288891,          0
 12290,   144,    1250000,     916822,        0,    -333178,          0
 12290,   145,    1250000,     938685,        0,    -311315,          0
 12290,   146,    1250000,     973680,        0,    -276320,          0
 12290,   147,    1250000,     942765,        0,    -307235,          0
 12290,   148,    1250000,     927578,        0,    -322422,          0
 12290,   149,    1250000,     978333,        0,    -271667,          0
 12290,   150,    1250000,     980037,        0,    -269963,          0
 12290,   151,    1250000,     935916,        0,    -314084,          0
 12290,   152,    1250000,     944809,        0,    -305191,          0
 12290,   153,    1250000,     937327,        0,    -312673,          0
 12290,   154,    1250000,     955179,        0,    -294821,          0
 12290,   155,    1250000,     941340,        0,    -308660,          0
 12290,   156,    1250000,     926334,        0,    -323666,          0
 12290,   157,    1250000,     927248,        0,    -322752,          0
 12290,   158,    1250000,     996097,        0,    -253903,          0
 12290,   159,    1250000,     961769,        0,    -288231,          0
 12290,   160,    1250000,     958524,        0,    -291476,          0
 12290,   161,    1250000,     917827,        0,    -332173,          0
 12290,   162,    1250000,     940420,        0,    -309580,          0
 12290,   163,    1250000,     948407,        0,    -301593,          0
 12290,   164,    1250000,     915737,        0,    -334263,          0
 12290,   165,    1250000,     990388,        0,    -259612,          0
 12290,   166,    1250000,    1029820,        0,    -220180,          0
 12290,   167,    1250000,     944152,        0,    -305848,          0
 12290,   168,    1250000,     923553,        0,    -326447,          0
 12290,   169,    1250000,     928138,        0,    -321862,          0
 12290,   170,    1250000,     912071,        0,    -337929,          0
 12290,   171,    1250000,     930020,        0,    -319980,          0
 12290,   172,    1250000,    1008871,        0,    -241129,          0
 12290,   173,    1250000,     914001,        0,    -335999,          0
 12290,   174,    1250000,     941717,        0,    -308283,          0
 12290,   175,    1250000,    1041947,        0,    -208053,          0
 12290,   176,    1250000,     948509,        0,    -301491,          0
 12290,   177,    1250000,     952197,        0,    -297803,          0
 12290,   178,    1250000,     944743,        0,    -305257,          0
 12290,   179,    1250000,     919329,        0,    -330671,          0
 12290,   180,    1250000,     958734,        0,    -291266,          0
 12290,   181,    1250000,     932983,        0,    -317017,          0
 12290,   182,    1250000,     937688,        0,    -312312,          0
 12290,   183,    1250000,     959136,        0,    -290864,          0
 12290,   184,    1250000,     919799,        0,    -330201,          0
 12290,   185,    1250000,     909981,        0,    -340019,          0
 12290,   186,    1250000,     920426,        0,    -329574,          0
 12290,   187,    1250000,     917158,        0,    -332842,          0
 12290,   188,    1250000,     919680,        0,    -330320,          0
 12290,   189,    1250000,     977643,        0,    -272357,          0
 12290,   190,    1250000,    1000491,        0,    -249509,          0
 12290,   191,    1250000,     940661,        0,    -309339,          0
 12290,   192,    1250000,     958182,        0,    -291818,          0
 12290,   193,    1250000,     917153,        0,    -332847,          0
 12290,   194,    1250000,    1016533,        0,    -233467,          0
 12290,   195,    1250000,     921775,        0,    -328225,          0
 12290,   196,    1250000,     965112,        0,    -284888,          0
 12290,   197,    1250000,     960463,        0,    -289537,          0
 12290,   198,    1250000,    1196764,        0,     -53236,          0
 12290,   199,    1250000,     933775,        0,    -316225,          0
 12290,   200,    1250000,     910056,        0,    -339944,          0
 12290,   201,    1250000,     930216,        0,    -319784,          0
 12290,   202,    1250000,    1016336,        0,    -233664,          0
 12290,   203,    1250000,     932118,        0,    -317882,          0
 12290,   204,    1250000,     993564,        0,    -256436,          0
 12290,   205,    1250000,     963587,        0,    -286413,          0
 12290,   206,    1250000,     931691,        0,    -318309,          0
 12290,   207,    1250000,     957217,        0,    -292783,          0
 12290,   208,    1250000,     981497,        0,    -268503,          0
 12290,   209,    1250000,     926534,        0,    -323466,          0
 12290,   210,    1250000,     910074,        0,    -339926,          0
 12290,   211,    1250000,     968307,        0,    -281693,          0
 12290,   212,    1250000,     942704,        0,    -307296,          0
 12290,   213,    1250000,     988727,        0,    -261273,          0
 12290,   214,    1250000,     937156,        0,    -312844,          0
 12290,   215,    1250000,     925590,        0,    -324410,          0
 12290,   216,    1250000,     924868,        0,    -325132,          0
 12290,   217,    1250000,     919588,        0,    -330412,          0
 12290,   218,    1250000,     942686,        0,    -307314,          0
 12290,   219,    1250000,     928298,        0,    -321702,          0
 12290,   220,    1250000,     989818,        0,    -260182,          0
 12290,   221,    1250000,     930876,        0,    -319124,          0
 12290,   222,    1250000,     937385,        0,    -312615,          0
 12290,   223,    1250000,     945001,        0,    -304999,          0
 12290,   224,    1250000,     932914,        0,    -317086,          0
 12290,   225,    1250000,     963725,        0,    -286275,          0
 12290,   226,    1250000,     959821,        0,    -290179,          0
 12290,   227,    1250000,     973937,        0,    -276063,          0
 12290,   228,    1250000,     937416,        0,    -312584,          0
 12290,   229,    1250000,     928144,        0,    -321856,          0
 12290,   230,    1250000,     918522,        0,    -331478,          0
 12290,   231,    1250000,     909982,        0,    -340018,          0
 12290,   232,    1250000,     936559,        0,    -313441,          0
 12290,   233,    1250000,     926306,        0,    -323694,          0
 12290,   234,    1250000,     932008,        0,    -317992,          0
 12290,   235,    1250000,     931921,        0,    -318079,          0
 12290,   236,    1250000,     928649,        0,    -321351,          0
 12290,   237,    1250000,     951722,        0,    -298278,          0
 12290,   238,    1250000,     993194,        0,    -256806,          0
 12290,   239,    1250000,     917671,        0,    -332329,          0
 12290,   240,    1250000,     986069,        0,    -263931,          0
 12290,   241,    1250000,     944448,        0,    -305552,          0
 12290,   242,    1250000,    1037617,        0,    -212383,          0
 12290,   243,    1250000,     919751,        0,    -330249,          0
 12290,   244,    1250000,     912898,        0,    -337102,          0
 12290,   245,    1250000,     963031,        0,    -286969,          0
 12290,   246,    1250000,     972371,        0,    -277629,          0
 12290,   247,    1250000,     962293,        0,    -287707,          0
 12290,   248,    1250000,     988052,        0,    -261948,          0
 12290,   249,    1250000,     929727,        0,    -320273,          0
 12290,   250,    1250000,     937915,        0,    -312085,          0
 12290,   251,    1250000,     912460,        0,    -337540,          0
 12290,   252,    1250000,     927936,        0,    -322064,          0
 12290,   253,    1250000,     927962,        0,    -322038,          0
 12290,   254,    1250000,     928580,        0,    -321420,          0
 12290,   255,    1250000,     969851,        0,    -280149,          0
 12290,   256,    1250000,    1003375,        0,    -246625,          0
 12290,   257,    1250000,     919542,        0,    -330458,          0
 12290,   258,    1250000,     980608,        0,    -269392,          0
 12290,   259,    1250000,     927243,        0,    -322757,          0
 12290,   260,    1250000,     923877,        0,    -326123,          0
 12290,   261,    1250000,     931796,        0,    -318204,          0
 12290,   262,    1250000,     903869,        0,    -346131,          0
 12290,   263,    1250000,     949377,        0,    -300623,          0
 12290,   264,    1250000,     963298,        0,    -286702,          0
 12290,   265,    1250000,     911864,        0,    -338136,          0
 12290,   266,    1250000,     975102,        0,    -274898,          0
 12290,   267,    1250000,     918224,        0,    -331776,          0
 12290,   268,    1250000,     931133,        0,    -318867,          0
 12290,   269,    1250000,    1004321,        0,    -245679,          0
 12290,   270,    1250000,     942161,        0,    -307839,          0
 12290,   271,    1250000,     951162,        0,    -298838,          0
 12290,   272,    1250000,    1004150,        0,    -245850,          0
 12290,   273,    1250000,     968843,        0,    -281157,          0
 12290,   274,    1250000,     971095,        0,    -278905,          0
 12290,   275,    1250000,     971662,        0,    -278338,          0
 12290,   276,    1250000,     920195,        0,    -329805,          0
 12290,   277,    1250000,     956922,        0,    -293078,          0
 12290,   278,    1250000,     939425,        0,    -310575,          0
 12290,   279,    1250000,     919603,        0,    -330397,          0
 12290,   280,    1250000,     942678,        0,    -307322,          0
 12290,   281,    1250000,     901099,        0,    -348901,          0
 12290,   282,    1250000,     913089,        0,    -336911,          0
 12290,   283,    1250000,     921136,        0,    -328864,          0
 12290,   284,    1250000,     924376,        0,    -325624,          0
 12290,   285,    1250000,     930520,        0,    -319480,          0
 12290,   286,    1250000,     990538,        0,    -259462,          0
 12290,   287,    1250000,    1025934,        0,    -224066,          0
 12290,   288,    1250000,     917645,        0,    -332355,          0
 12290,   289,    1250000,     959199,        0,    -290801,          0
 12290,   290,    1250000,     965983,        0,    -284017,          0
 12290,   291,    1250000,     950434,        0,    -299566,          0
 12290,   292,    1250000,     956019,        0,    -293981,          0
 12290,   293,    1250000,     908821,        0,    -341179,          0
 12290,   294,    1250000,     907943,        0,    -342057,          0
 12290,   295,    1250000,     946901,        0,    -303099,          0
 12290,   296,    1250000,     937416,        0,    -312584,          0
 12290,   297,    1250000,     927747,        0,    -322253,          0
 12290,   298,    1250000,    1227465,        0,     -22535,          0
 12290,   299,    1250000,     942006,        0,    -307994,          0
 12290,   300,    1250000,     972838,        0,    -277162,          0
 12290,   301,    1250000,     944618,        0,    -305382,          0
 12290,   302,    1250000,     935825,        0,    -314175,          0
 12290,   303,    1250000,     912949,        0,    -337051,          0
 12290,   304,    1250000,     950646,        0,    -299354,          0
 12290,   305,    1250000,     973673,        0,    -276327,          0
 12290,   306,    1250000,     920809,        0,    -329191,          0
 12290,   307,    1250000,    1136599,        0,    -113401,          0
 12290,   308,    1250000,     943787,        0,    -306213,          0
 12290,   309,    1250000,     922352,        0,    -327648,          0
 12290,   310,    1250000,     948512,        0,    -301488,          0
 12290,   311,    1250000,    1024672,        0,    -225328,          0
 12290,   312,    1250000,     915511,        0,    -334489,          0
 12290,   313,    1250000,     988470,        0,    -261530,          0
 12290,   314,    1250000,     951019,        0,    -298981,          0
 12290,   315,    1250000,     948894,        0,    -301106,          0
 12290,   316,    1250000,     998908,        0,    -251092,          0
 12290,   317,    1250000,     935229,        0,    -314771,          0
 12290,   318,    1250000,     934986,        0,    -315014,          0
 12290,   319,    1250000,     938342,        0,    -311658,          0
 12290,   320,    1250000,     939013,        0,    -310987,          0
 12290,   321,    1250000,     952904,        0,    -297096,          0
 12290,   322,    1250000,     946470,        0,    -303530,          0
 12290,   323,    1250000,     943367,        0,    -306633,          0
 12290,   324,    1250000,     944349,        0,    -305651,          0
 12290,   325,    1250000,     938780,        0,    -311220,          0
 12290,   326,    1250000,     971726,        0,    -278274,          0
 12290,   327,    1250000,     930471,        0,    -319529,          0
 12290,   328,    1250000,     920826,        0,    -329174,          0
 12290,   329,    1250000,     983814,        0,    -266186,          0
 12290,   330,    1250000,     955314,        0,    -294686,          0
 12290,   331,    1250000,     950809,        0,    -299191,          0
 12290,   332,    1250000,     936449,        0,    -313551,          0
 12290,   333,    1250000,     933193,        0,    -316807,          0
 12290,   334,    1250000,    1001519,        0,    -248481,          0
 12290,   335,    1250000,     962492,        0,    -287508,          0
 12290,   336,    1250000,     990308,        0,    -259692,          0
 12290,   337,    1250000,     968159,        0,    -281841,          0
 12290,   338,    1250000,     945082,        0,    -304918,          0
 12290,   339,    1250000,     968650,        0,    -281350,          0
 12290,   340,    1250000,     931439,        0,    -318561,          0
 12290,   341,    1250000,     965662,        0,    -284338,          0
 12290,   342,    1250000,     955003,        0,    -294997,          0
 12290,   343,    1250000,     911778,        0,    -338222,          0
 12290,   344,    1250000,     971494,        0,    -278506,          0
 12290,   345,    1250000,     974045,        0,    -275955,          0
 12290,   346,    1250000,     967113,        0,    -282887,          0
 12290,   347,    1250000,     919626,        0,    -330374,          0
 12290,   348,    1250000,     936620,        0,    -313380,          0
 12290,   349,    1250000,     964566,        0,    -285434,          0
 12290,   350,    1250000,     969139,        0,    -280861,          0
 12290,   351,    1250000,     938187,        0,    -311813,          0
 12290,   352,    1250000,     947884,        0,    -302116,          0
 12290,   353,    1250000,     930468,        0,    -319532,          0
 12290,   354,    1250000,     970984,        0,    -279016,          0
 12290,   355,    1250000,     938100,        0,    -311900,          0
 12290,   356,    1250000,     919981,        0,    -330019,          0
 12290,   357,    1250000,     935323,        0,    -314677,          0
 12290,   358,    1250000,     920474,        0,    -329526,          0
 12290,   359,    1250000,     951014,        0,    -298986,          0
 12290,   360,    1250000,     913226,        0,    -336774,          0
 12290,   361,    1250000,     973407,        0,    -276593,          0
 12290,   362,    1250000,     951867,        0,    -298133,          0
 12290,   363,    1250000,     915162,        0,    -334838,          0
 12290,   364,    1250000,     974847,        0,    -275153,          0
 12290,   365,    1250000,     930213,        0,    -319787,          0
 12290,   366,    1250000,     920302,        0,    -329698,          0
 12290,   367,    1250000,     933316,        0,    -316684,          0
 12290,   368,    1250000,     933952,        0,    -316048,          0
 12290,   369,    1250000,     939843,        0,    -310157,          0
 12290,   370,    1250000,     907697,        0,    -342303,          0
 12290,   371,    1250000,     923598,        0,    -326402,          0
 12290,   372,    1250000,     918899,        0,    -331101,          0
 12290,   373,    1250000,     936374,        0,    -313626,          0
 12290,   374,    1250000,     922870,        0,    -327130,          0
 12290,   375,    1250000,     915795,        0,    -334205,          0
 12290,   376,    1250000,     940975,        0,    -309025,          0
 12290,   377,    1250000,     921157,        0,    -328843,          0
 12290,   378,    1250000,     954532,        0,    -295468,          0
 12290,   379,    1250000,     991612,        0,    -258388,          0
 12290,   380,    1250000,     959853,        0,    -290147,          0
 12290,   381,    1250000,     951318,        0,    -298682,          0
 12290,   382,    1250000,     975842,        0,    -274158,          0
 12290,   383,    1250000,     901084,        0,    -348916,          0
 12290,   384,    1250000,     915685,        0,    -334315,          0
 12290,   385,    1250000,     957358,        0,    -292642,          0
 12290,   386,    1250000,     977985,        0,    -272015,          0
 12290,   387,    1250000,     933613,        0,    -316387,          0
 12290,   388,    1250000,     911979,        0,    -338021,          0
 12290,   389,    1250000,     992430,        0,    -257570,          0
 12290,   390,    1250000,     945723,        0,    -304277,          0
 12290,   391,    1250000,     917245,        0,    -332755,          0
 12290,   392,    1250000,     969255,        0,    -280745,          0
 12290,   393,    1250000,     933780,        0,    -316220,          0
 12290,   394,    1250000,     954623,        0,    -295377,          0
 12290,   395,    1250000,     923082,        0,    -326918,          0
 12290,   396,    1250000,     929728,        0,    -320272,          0
 12290,   397,    1250000,     936059,        0,    -313941,          0
 12290,   398,    1250000,    1180323,        0,     -69677,          0
 12290,   399,    1250000,     949514,        0,    -300486,          0
 12290,   400,    1250000,     944755,        0,    -305245,          0
 12290,   401,    1250000,     993200,        0,    -256800,          0
 12290,   402,    1250000,     978276,        0,    -271724,          0
 12290,   403,    1250000,     906086,        0,    -343914,          0
 12290,   404,    1250000,     977849,        0,    -272151,          0
 12290,   405,    1250000,     993445,        0,    -256555,          0
 12290,   406,    1250000,     937348,        0,    -312652,          0
 12290,   407,    1250000,     968516,        0,    -281484,          0
 12290,   408,    1250000,    1000215,        0,    -249785,          0
 12290,   409,    1250000,     959690,        0,    -290310,          0
 12290,   410,    1250000,     930098,        0,    -319902,          0
 12290,   411,    1250000,     939191,        0,    -310809,          0
 12290,   412,    1250000,     946172,        0,    -303828,          0
 12290,   413,    1250000,     936727,        0,    -313273,          0
 12290,   414,    1250000,     949668,        0,    -300332,          0
 12290,   415,    1250000,     913706,        0,    -336294,          0
 12290,   416,    1250000,    1043410,        0,    -206590,          0
 12290,   417,    1250000,     963279,        0,    -286721,          0
 12290,   418,    1250000,     919876,        0,    -330124,          0
 12290,   419,    1250000,     935848,        0,    -314152,          0
 12290,   420,    1250000,    1002544,        0,    -247456,          0
 12290,   421,    1250000,     982292,        0,    -267708,          0
 12290,   422,    1250000,     911694,        0,    -338306,          0
 12290,   423,    1250000,     933179,        0,    -316821,          0
 12290,   424,    1250000,     919698,        0,    -330302,          0
 12290,   425,    1250000,     999664,        0,    -250336,          0
 12290,   426,    1250000,     937953,        0,    -312047,          0
 12290,   427,    1250000,     958686,        0,    -291314,          0
 12290,   428,    1250000,     922456,        0,    -327544,          0
 12290,   429,    1250000,     945864,        0,    -304136,          0
 12290,   430,    1250000,     942273,        0,    -307727,          0
 12290,   431,    1250000,     934779,        0,    -315221,          0
 12290,   432,    1250000,     929783,        0,    -320217,          0
 12290,   433,    1250000,     925729,        0,    -324271,          0
 12290,   434,    1250000,     949668,        0,    -300332,          0
 12290,   435,    1250000,     901152,        0,    -348848,          0
 12290,   436,    1250000,     926596,        0,    -323404,          0
 12290,   437,    1250000,     951473,        0,    -298527,          0
 12290,   438,    1250000,     931624,        0,    -318376,          0
 12290,   439,    1250000,     917741,        0,    -332259,          0
 12290,   440,    1250000,     898864,        0,    -351136,          0
 12290,   441,    1250000,     940065,        0,    -309935,          0
 12290,   442,    1250000,     956562,        0,    -293438,          0
 12290,   443,    1250000,     940256,        0,    -309744,          0
 12290,   444,    1250000,     967003,        0,    -282997,          0
 12290,   445,    1250000,     951554,        0,    -298446,          0
 12290,   446,    1250000,     972610,        0,    -277390,          0
 12290,   447,    1250000,     959364,        0,    -290636,          0
 12290,   448,    1250000,     968143,        0,    -281857,          0
 12290,   449,    1250000,     946996,        0,    -303004,          0
 12290,   450,    1250000,     939723,        0,    -310277,          0
 12290,   451,    1250000,     987703,        0,    -262297,          0
 12290,   452,    1250000,     935039,        0,    -314961,          0
 12290,   453,    1250000,     941374,        0,    -308626,          0
 12290,   454,    1250000,     969094,        0,    -280906,          0
 12290,   455,    1250000,     997888,        0,    -252112,          0
 12290,   456,    1250000,     950108,        0,    -299892,          0
 12290,   457,    1250000,     928054,        0,    -321946,          0
 12290,   458,    1250000,     922119,        0,    -327881,          0
 12290,   459,    1250000,     991077,        0,    -258923,          0
 12290,   460,    1250000,     928813,        0,    -321187,          0
 12290,   461,    1250000,     941048,        0,    -308952,          0
 12290,   462,    1250000,     961101,        0,    -288899,          0
 12290,   463,    1250000,     942844,        0,    -307156,          0
 12290,   464,    1250000,     949203,        0,    -300797,          0
 12290,   465,    1250000,     958276,        0,    -291724,          0
 12290,   466,    1250000,     962610,        0,    -287390,          0
 12290,   467,    1250000,     898487,        0,    -351513,          0
 12290,   468,    1250000,     957062,        0,    -292938,          0
 12290,   469,    1250000,     977705,        0,    -272295,          0
 12290,   470,    1250000,     954903,        0,    -295097,          0
 12290,   471,    1250000,     946677,        0,    -303323,          0
 12290,   472,    1250000,     935998,        0,    -314002,          0
 12290,   473,    1250000,     968450,        0,    -281550,          0
 12290,   474,    1250000,     964523,        0,    -285477,          0
 12290,   475,    1250000,     948890,        0,    -301110,          0
 12290,   476,    1250000,     949433,        0,    -300567,          0
 12290,   477,    1250000,     948264,        0,    -301736,          0
 12290,   478,    1250000,     918771,        0,    -331229,          0
 12290,   479,    1250000,     938999,        0,    -311001,          0
 12290,   480,    1250000,     961182,        0,    -288818,          0
 12290,   481,    1250000,     948097,        0,    -301903,          0
 12290,   482,    1250000,     938844,        0,    -311156,          0
 12290,   483,    1250000,     912321,        0,    -337679,          0
 12290,   484,    1250000,     974050,        0,    -275950,          0
 12290,   485,    1250000,     902249,        0,    -347751,          0
 12290,   486,    1250000,     933948,        0,    -316052,          0
 12290,   487,    1250000,     953733,        0,    -296267,          0
 12290,   488,    1250000,     930666,        0,    -319334,          0
 12290,   489,    1250000,     935756,        0,    -314244,          0
 12290,   490,    1250000,     980598,        0,    -269402,          0
 12290,   491,    1250000,     938909,        0,    -311091,          0
 12290,   492,    1250000,     938778,        0,    -311222,          0
 12290,   493,    1250000,     928836,        0,    -321164,          0
 12290,   494,    1250000,     954718,        0,    -295282,          0
 12290,   495,    1250000,     912531,        0,    -337469,          0
 12290,   496,    1250000,     951185,        0,    -298815,          0
 12290,   497,    1250000,     943230,        0,    -306770,          0
 12290,   498,    1250000,    1180756,        0,     -69244,          0
 12290,   499,    1250000,     936882,        0,    -313118,          0
 12290,   500,    1250000,     918294,        0,    -331706,          0
 12290,   501,    1250000,     918671,        0,    -331329,          0
 12290,   502,    1250000,     895664,        0,    -354336,          0
 12290,   503,    1250000,     963587,        0,    -286413,          0
 12290,   504,    1250000,     920428,        0,    -329572,          0
 12290,   505,    1250000,     921035,        0,    -328965,          0
 12290,   506,    1250000,     891916,        0,    -358084,          0
 12290,   507,    1250000,     917876,        0,    -332124,          0
 12290,   508,    1250000,     946942,        0,    -303058,          0
 12290,   509,    1250000,     996686,        0,    -253314,          0
 12290,   510,    1250000,     983671,        0,    -266329,          0
 12290,   511,    1250000,     917674,        0,    -332326,          0
 12290,   512,    1250000,     921265,        0,    -328735,          0
 12290,   513,    1250000,     942890,        0,    -307110,          0
 12290,   514,    1250000,     934401,        0,    -315599,          0
 12290,   515,    1250000,     946378,        0,    -303622,          0
 12290,   516,    1250000,     941468,        0,    -308532,          0
 12290,   517,    1250000,     915857,        0,    -334143,          0
 12290,   518,    1250000,     940896,        0,    -309104,          0
 12290,   519,    1250000,     956525,        0,    -293475,          0
 12290,   520,    1250000,     961244,        0,    -288756,          0
 12290,   521,    1250000,     972976,        0,    -277024,          0
 12290,   522,    1250000,     927046,        0,    -322954,          0
 12290,   523,    1250000,     922305,        0,    -327695,          0
 12290,   524,    1250000,     926236,        0,    -323764,          0
 12290,   525,    1250000,     934816,        0,    -315184,          0
 12290,   526,    1250000,     948025,        0,    -301975,          0
 12290,   527,    1250000,     931799,        0,    -318201,          0
 12290,   528,    1250000,     935822,        0,    -314178,          0
 12290,   529,    1250000,     928963,        0,    -321037,          0
 12290,   530,    1250000,     942556,        0,    -307444,          0
 12290,   531,    1250000,     937092,        0,    -312908,          0
 12290,   532,    1250000,     927323,        0,    -322677,          0
 12290,   533,    1250000,     942790,        0,    -307210,          0
 12290,   534,    1250000,    1001040,        0,    -248960,          0
 12290,   535,    1250000,     947398,        0,    -302602,          0
 12290,   536,    1250000,     917320,        0,    -332680,          0
 12290,   537,    1250000,     946083,        0,    -303917,          0
 12290,   538,    1250000,     977671,        0,    -272329,          0
 12290,   539,    1250000,     921708,        0,    -328292,          0
 12290,   540,    1250000,    1001359,        0,    -248641,          0
 12290,   541,    1250000,     955540,        0,    -294460,          0
 12290,   542,    1250000,     950480,        0,    -299520,          0
 12290,   543,    1250000,     930589,        0,    -319411,          0
 12290,   544,    1250000,     942487,        0,    -307513,          0
 12290,   545,    1250000,     975739,        0,    -274261,          0
 12290,   546,    1250000,     967806,        0,    -282194,          0
 12290,   547,    1250000,     926666,        0,    -323334,          0
 12290,   548,    1250000,     947524,        0,    -302476,          0
 12290,   549,    1250000,     929180,        0,    -320820,          0
 12290,   550,    1250000,     910375,        0,    -339625,          0
 12290,   551,    1250000,     928544,        0,    -321456,          0
 12290,   552,    1250000,     942689,        0,    -307311,          0
 12290,   553,    1250000,     963322,        0,    -286678,          0
 12290,   554,    1250000,     933539,        0,    -316461,          0
 12290,   555,    1250000,     953394,        0,    -296606,          0
 12290,   556,    1250000,     980444,        0,    -269556,          0
 12290,   557,    1250000,    1032622,        0,    -217378,          0
 12290,   558,    1250000,     950673,        0,    -299327,          0
 12290,   559,    1250000,     969909,        0,    -280091,          0
 12290,   560,    1250000,     963297,        0,    -286703,          0
 12290,   561,    1250000,     948999,        0,    -301001,          0
 12290,   562,    1250000,     974128,        0,    -275872,          0
 12290,   563,    1250000,     945592,        0,    -304408,          0
 12290,   564,    1250000,     984631,        0,    -265369,          0
 12290,   565,    1250000,     989352,        0,    -260648,          0
 12290,   566,    1250000,     922926,        0,    -327074,          0
 12290,   567,    1250000,     949378,        0,    -300622,          0
 12290,   568,    1250000,     952036,        0,    -297964,          0
 12290,   569,    1250000,     989537,        0,    -260463,          0
 12290,   570,    1250000,     951477,        0,    -298523,          0
 12290,   571,    1250000,     914549,        0,    -335451,          0
 12290,   572,    1250000,     913773,        0,    -336227,          0
 12290,   573,    1250000,     907636,        0,    -342364,          0
 12290,   574,    1250000,     924205,        0,    -325795,          0
 12290,   575,    1250000,     943244,        0,    -306756,          0
 12290,   576,    1250000,     934094,        0,    -315906,          0
 12290,   577,    1250000,     961122,        0,    -288878,          0
 12290,   578,    1250000,     951283,        0,    -298717,          0
 12290,   579,    1250000,     938422,        0,    -311578,          0
 12290,   580,    1250000,     935465,        0,    -314535,          0
 12290,   581,    1250000,    1050638,        0,    -199362,          0
 12290,   582,    1250000,     963507,        0,    -286493,          0
 12290,   583,    1250000,     927942,        0,    -322058,          0
 12290,   584,    1250000,     932709,        0,    -317291,          0
 12290,   585,    1250000,     942757,        0,    -307243,          0
 12290,   586,    1250000,     954481,        0,    -295519,          0
 12290,   587,    1250000,     921356,        0,    -328644,          0
 12290,   588,    1250000,     945549,        0,    -304451,          0
 12290,   589,    1250000,     969281,        0,    -280719,          0
 12290,   590,    1250000,     931455,        0,    -318545,          0
 12290,   591,    1250000,     936114,        0,    -313886,          0
 12290,   592,    1250000,     953982,        0,    -296018,          0
 12290,   593,    1250000,    1009895,        0,    -240105,          0
 12290,   594,    1250000,     936099,        0,    -313901,          0
 12290,   595,    1250000,     929939,        0,    -320061,          0
 12290,   596,    1250000,     950579,        0,    -299421,          0
 12290,   597,    1250000,     923764,        0,    -326236,          0
 12290,   598,    1250000,    1279158,        1,      29158,      29158
 12290,   599,    1250000,     912478,        0,    -337522,          0
 12290,   600,    1250000,     934116,        0,    -315884,          0
 12290,   601,    1250000,     947527,        0,    -302473,          0
 12290,   602,    1250000,     964710,        0,    -285290,          0
 12290,   603,    1250000,     961416,        0,    -288584,          0
 12290,   604,    1250000,     942276,        0,    -307724,          0
 12290,   605,    1250000,     961211,        0,    -288789,          0
 12290,   606,    1250000,    1007888,        0,    -242112,          0
 12290,   607,    1250000,     938541,        0,    -311459,          0
 12290,   608,    1250000,     951662,        0,    -298338,          0
 12290,   609,    1250000,     953578,        0,    -296422,          0
 12290,   610,    1250000,     937590,        0,    -312410,          0
 12290,   611,    1250000,     924875,        0,    -325125,          0
 12290,   612,    1250000,     914954,        0,    -335046,          0
 12290,   613,    1250000,     927441,        0,    -322559,          0
 12290,   614,    1250000,     952198,        0,    -297802,          0
 12290,   615,    1250000,     920624,        0,    -329376,          0
 12290,   616,    1250000,     902545,        0,    -347455,          0
 12290,   617,    1250000,     944711,        0,    -305289,          0
 12290,   618,    1250000,     975891,        0,    -274109,          0
 12290,   619,    1250000,     911835,        0,    -338165,          0
 12290,   620,    1250000,     992683,        0,    -257317,          0
 12290,   621,    1250000,     936796,        0,    -313204,          0
 12290,   622,    1250000,     954654,        0,    -295346,          0
 12290,   623,    1250000,     914326,        0,    -335674,          0
 12290,   624,    1250000,     907193,        0,    -342807,          0
 12290,   625,    1250000,     964232,        0,    -285768,          0
 12290,   626,    1250000,     949062,        0,    -300938,          0
 12290,   627,    1250000,     925740,        0,    -324260,          0
 12290,   628,    1250000,     948823,        0,    -301177,          0
 12290,   629,    1250000,     982535,        0,    -267465,          0
 12290,   630,    1250000,     962296,        0,    -287704,          0
 12290,   631,    1250000,     914178,        0,    -335822,          0
 12290,   632,    1250000,     957118,        0,    -292882,          0
 12290,   633,    1250000,     948788,        0,    -301212,          0
 12290,   634,    1250000,     942120,        0,    -307880,          0
 12290,   635,    1250000,     988255,        0,    -261745,          0
 12290,   636,    1250000,     999604,        0,    -250396,          0
 12290,   637,    1250000,     938015,        0,    -311985,          0
 12290,   638,    1250000,     946670,        0,    -303330,          0
 12290,   639,    1250000,     935703,        0,    -314297,          0
 12290,   640,    1250000,     911724,        0,    -338276,          0
 12290,   641,    1250000,     933424,        0,    -316576,          0
 12290,   642,    1250000,     910176,        0,    -339824,          0
 12290,   643,    1250000,     930897,        0,    -319103,          0
 12290,   644,    1250000,     905427,        0,    -344573,          0
 12290,   645,    1250000,     944421,        0,    -305579,          0
 12290,   646,    1250000,     967147,        0,    -282853,          0
 12290,   647,    1250000,    1032630,        0,    -217370,          0
 12290,   648,    1250000,     934256,        0,    -315744,          0
 12290,   649,    1250000,     940164,        0,    -309836,          0
 12290,   650,    1250000,     913791,        0,    -336209,          0
 12290,   651,    1250000,     919068,        0,    -330932,          0
 12290,   652,    1250000,     956438,        0,    -293562,          0
 12290,   653,    1250000,     945823,        0,    -304177,          0
 12290,   654,    1250000,     943681,        0,    -306319,          0
 12290,   655,    1250000,     939183,        0,    -310817,          0
 12290,   656,    1250000,     965521,        0,    -284479,          0
 12290,   657,    1250000,     907140,        0,    -342860,          0
 12290,   658,    1250000,     969253,        0,    -280747,          0
 12290,   659,    1250000,     929505,        0,    -320495,          0
 12290,   660,    1250000,     931686,        0,    -318314,          0
 12290,   661,    1250000,     997586,        0,    -252414,          0
 12290,   662,    1250000,     916670,        0,    -333330,          0
 12290,   663,    1250000,     982275,        0,    -267725,          0
 12290,   664,    1250000,     977618,        0,    -272382,          0
 12290,   665,    1250000,     918832,        0,    -331168,          0
 12290,   666,    1250000,     945405,        0,    -304595,          0
 12290,   667,    1250000,     916053,        0,    -333947,          0
 12290,   668,    1250000,     975554,        0,    -274446,          0
 12290,   669,    1250000,     971114,        0,    -278886,          0
 12290,   670,    1250000,     958808,        0,    -291192,          0
 12290,   671,    1250000,     937752,        0,    -312248,          0
 12290,   672,    1250000,     934245,        0,    -315755,          0
 12290,   673,    1250000,     965213,        0,    -284787,          0
 12290,   674,    1250000,     938882,        0,    -311118,          0
 12290,   675,    1250000,     956327,        0,    -293673,          0
 12290,   676,    1250000,     932354,        0,    -317646,          0
 12290,   677,    1250000,     954226,        0,    -295774,          0
 12290,   678,    1250000,     935265,        0,    -314735,          0
 12290,   679,    1250000,     934479,        0,    -315521,          0
 12290,   680,    1250000,     965937,        0,    -284063,          0
 12290,   681,    1250000,     929737,        0,    -320263,          0
 12290,   682,    1250000,     925928,        0,    -324072,          0
 12290,   683,    1250000,     919073,        0,    -330927,          0
 12290,   684,    1250000,     938986,        0,    -311014,          0
 12290,   685,    1250000,     943826,        0,    -306174,          0
 12290,   686,    1250000,     958502,        0,    -291498,          0
 12290,   687,    1250000,     923830,        0,    -326170,          0
 12290,   688,    1250000,     925770,        0,    -324230,          0
 12290,   689,    1250000,     957004,        0,    -292996,          0
 12290,   690,    1250000,     962182,        0,    -287818,          0
 12290,   691,    1250000,     932171,        0,    -317829,          0
 12290,   692,    1250000,     921463,        0,    -328537,          0
 12290,   693,    1250000,     963328,        0,    -286672,          0
 12290,   694,    1250000,     938930,        0,    -311070,          0
 12290,   695,    1250000,     911986,        0,    -338014,          0
 12290,   696,    1250000,     948915,        0,    -301085,          0
 12290,   697,    1250000,     945253,        0,    -304747,          0
 12290,   698,    1250000,    1213357,        0,     -36643,          0
 12290,   699,    1250000,     927221,        0,    -322779,          0
 12290,   700,    1250000,     914575,        0,    -335425,          0
 12290,   701,    1250000,     969630,        0,    -280370,          0
 12290,   702,    1250000,     916445,        0,    -333555,          0
 12290,   703,    1250000,     921719,        0,    -328281,          0
 12290,   704,    1250000,     944658,        0,    -305342,          0
 12290,   705,    1250000,     919488,        0,    -330512,          0
 12290,   706,    1250000,     938316,        0,    -311684,          0
 12290,   707,    1250000,     907383,        0,    -342617,          0
 12290,   708,    1250000,     926602,        0,    -323398,          0
 12290,   709,    1250000,     987847,        0,    -262153,          0
 12290,   710,    1250000,     939308,        0,    -310692,          0
 12290,   711,    1250000,     913310,        0,    -336690,          0
 12290,   712,    1250000,     924169,        0,    -325831,          0
 12290,   713,    1250000,     918893,        0,    -331107,          0
 12290,   714,    1250000,     931994,        0,    -318006,          0
 12290,   715,    1250000,     925628,        0,    -324372,          0
 12290,   716,    1250000,     926516,        0,    -323484,          0
 12290,   717,    1250000,     924146,        0,    -325854,          0
 12290,   718,    1250000,     949563,        0,    -300437,          0
 12290,   719,    1250000,     922841,        0,    -327159,          0
 12290,   720,    1250000,     957573,        0,    -292427,          0
 12290,   721,    1250000,     962471,        0,    -287529,          0
 12290,   722,    1250000,     929544,        0,    -320456,          0
 12290,   723,    1250000,     963443,        0,    -286557,          0
 12290,   724,    1250000,     959327,        0,    -290673,          0
 12290,   725,    1250000,     923162,        0,    -326838,          0
 12290,   726,    1250000,     955325,        0,    -294675,          0
 12290,   727,    1250000,     927017,        0,    -322983,          0
 12290,   728,    1250000,     947167,        0,    -302833,          0
 12290,   729,    1250000,     919495,        0,    -330505,          0
 12290,   730,    1250000,     920904,        0,    -329096,          0
 12290,   731,    1250000,     911397,        0,    -338603,          0
 12290,   732,    1250000,     920888,        0,    -329112,          0
 12290,   733,    1250000,     911433,        0,    -338567,          0
 12290,   734,    1250000,     954467,        0,    -295533,          0
 12290,   735,    1250000,     901667,        0,    -348333,          0
 12290,   736,    1250000,     946041,        0,    -303959,          0
 12290,   737,    1250000,     943001,        0,    -306999,          0
 12290,   738,    1250000,     950555,        0,    -299445,          0
 12290,   739,    1250000,     928937,        0,    -321063,          0
 12290,   740,    1250000,    1069259,        0,    -180741,          0
 12290,   741,    1250000,     931551,        0,    -318449,          0
 12290,   742,    1250000,     959415,        0,    -290585,          0
 12290,   743,    1250000,     967400,        0,    -282600,          0
 12290,   744,    1250000,     935743,        0,    -314257,          0
 12290,   745,    1250000,     950768,        0,    -299232,          0
 12290,   746,    1250000,     941895,        0,    -308105,          0
 12290,   747,    1250000,    1037508,        0,    -212492,          0
 12290,   748,    1250000,     945858,        0,    -304142,          0
 12290,   749,    1250000,     927486,        0,    -322514,          0
 12290,   750,    1250000,     956717,        0,    -293283,          0
 12290,   751,    1250000,     947024,        0,    -302976,          0
 12290,   752,    1250000,     945757,        0,    -304243,          0
 12290,   753,    1250000,    1017206,        0,    -232794,          0
 12290,   754,    1250000,     991679,        0,    -258321,          0
 12290,   755,    1250000,     965513,        0,    -284487,          0
 12290,   756,    1250000,     917491,        0,    -332509,          0
 12290,   757,    1250000,    1000446,        0,    -249554,          0
 12290,   758,    1250000,     945754,        0,    -304246,          0
 12290,   759,    1250000,     930483,        0,    -319517,          0
 12290,   760,    1250000,     919665,        0,    -330335,          0
 12290,   761,    1250000,     932261,        0,    -317739,          0
 12290,   762,    1250000,     913312,        0,    -336688,          0
 12290,   763,    1250000,     935115,        0,    -314885,          0
 12290,   764,    1250000,     898380,        0,    -351620,          0
 12290,   765,    1250000,     978287,        0,    -271713,          0
 12290,   766,    1250000,     942492,        0,    -307508,          0
 12290,   767,    1250000,     920470,        0,    -329530,          0
 12290,   768,    1250000,     939491,        0,    -310509,          0
 12290,   769,    1250000,     931718,        0,    -318282,          0
 12290,   770,    1250000,     977154,        0,    -272846,          0
 12290,   771,    1250000,     904834,        0,    -345166,          0
 12290,   772,    1250000,     959183,        0,    -290817,          0
 12290,   773,    1250000,     947970,        0,    -302030,          0
 12290,   774,    1250000,     955590,        0,    -294410,          0
 12290,   775,    1250000,     905047,        0,    -344953,          0
 12290,   776,    1250000,     977850,        0,    -272150,          0
 12290,   777,    1250000,     964775,        0,    -285225,          0
 12290,   778,    1250000,     931548,        0,    -318452,          0
 12290,   779,    1250000,     914078,        0,    -335922,          0
 12290,   780,    1250000,     919814,        0,    -330186,          0
 12290,   781,    1250000,     952663,        0,    -297337,          0
 12290,   782,    1250000,     955895,        0,    -294105,          0
 12290,   783,    1250000,     937481,        0,    -312519,          0
 12290,   784,    1250000,     946857,        0,    -303143,          0
 12290,   785,    1250000,     928579,        0,    -321421,          0
 12290,   786,    1250000,     907010,        0,    -342990,          0
 12290,   787,    1250000,     967227,        0,    -282773,          0
 12290,   788,    1250000,     927382,        0,    -322618,          0
 12290,   789,    1250000,    1005565,        0,    -244435,          0
 12290,   790,    1250000,    1072049,        0,    -177951,          0
 12290,   791,    1250000,     949021,        0,    -300979,          0
 12290,   792,    1250000,     910908,        0,    -339092,          0
 12290,   793,    1250000,     948972,        0,    -301028,          0
 12290,   794,    1250000,     942869,        0,    -307131,          0
 12290,   795,    1250000,     912830,        0,    -337170,          0
 12290,   796,    1250000,     913573,        0,    -336427,          0
 12290,   797,    1250000,     948286,        0,    -301714,          0
 12290,   798,    1250000,    1198885,        0,     -51115,          0
 12290,   799,    1250000,     940032,        0,    -309968,          0
 12290,   800,    1250000,     932415,        0,    -317585,          0
 12290,   801,    1250000,     975872,        0,    -274128,          0
 12290,   802,    1250000,    1032457,        0,    -217543,          0
 12290,   803,    1250000,     903260,        0,    -346740,          0
 12290,   804,    1250000,     932240,        0,    -317760,          0
