# Task,   Job,     Period,   Response, DL Miss?,   Lateness,  Tardiness
# task NAME=myapp PID=12468 COST=1000000 PERIOD=1250000 CPU=0
 12468,     2,    1250000,      11957,        0,   -1238043,          0
 12468,     3,    1250000,      97155,        0,   -1152845,          0
 12468,     4,    1250000,     939941,        0,    -310059,          0
 12468,     5,    1250000,     925752,        0,    -324248,          0
 12468,     6,    1250000,     925160,        0,    -324840,          0
 12468,     7,    1250000,     934516,        0,    -315484,          0
 12468,     8,    1250000,     948786,        0,    -301214,          0
 12468,     9,    1250000,     927447,        0,    -322553,          0
 12468,    10,    1250000,    1001930,        0,    -248070,          0
 12468,    11,    1250000,     950295,        0,    -299705,          0
 12468,    12,    1250000,     947293,        0,    -302707,          0
 12468,    13,    1250000,     922224,        0,    -327776,          0
 12468,    14,    1250000,     929182,        0,    -320818,          0
 12468,    15,    1250000,     918681,        0,    -331319,          0
 12468,    16,    1250000,     955336,        0,    -294664,          0
 12468,    17,    1250000,     936908,        0,    -313092,          0
 12468,    18,    1250000,     930611,        0,    -319389,          0
 12468,    19,    1250000,     965487,        0,    -284513,          0
 12468,    20,    1250000,     912046,        0,    -337954,          0
 12468,    21,    1250000,     911462,        0,    -338538,          0
 12468,    22,    1250000,     987248,        0,    -262752,          0
 12468,    23,    1250000,     913330,        0,    -336670,          0
 12468,    24,    1250000,     965588,        0,    -284412,          0
 12468,    25,    1250000,    1022267,        0,    -227733,          0
 12468,    26,    1250000,     915812,        0,    -334188,          0
 12468,    27,    1250000,     913378,        0,    -336622,          0
 12468,    28,    1250000,    1120848,        0,    -129152,          0
 12468,    29,    1250000,     932445,        0,    -317555,          0
 12468,    30,    1250000,     981465,        0,    -268535,          0
 12468,    31,    1250000,     894817,        0,    -355183,          0
 12468,    32,    1250000,     904185,        0,    -345815,          0
 12468,    33,    1250000,     963335,        0,    -286665,          0
 12468,    34,    1250000,     931930,        0,    -318070,          0
 12468,    35,    1250000,     929753,        0,    -320247,          0
 12468,    36,    1250000,     931299,        0,    -318701,          0
 12468,    37,    1250000,     950285,        0,    -299715,          0
 12468,    38,    1250000,     935468,        0,    -314532,          0
 12468,    39,    1250000,     937098,        0,    -312902,          0
 12468,    40,    1250000,     919833,        0,    -330167,          0
 12468,    41,    1250000,     965986,        0,    -284014,          0
 12468,    42,    1250000,     983439,        0,    -266561,          0
 12468,    43,    1250000,     985456,        0,    -264544,          0
 12468,    44,    1250000,     977228,        0,    -272772,          0
 12468,    45,    1250000,     964534,        0,    -285466,          0
 12468,    46,    1250000,     927534,        0,    -322466,          0
 12468,    47,    1250000,     932118,        0,    -317882,          0
 12468,    48,    1250000,     898430,        0,    -351570,          0
 12468,    49,    1250000,     931615,        0,    -318385,          0
 12468,    50,    1250000,     902529,        0,    -347471,          0
 12468,    51,    1250000,     938463,        0,    -311537,          0
 12468,    52,    1250000,     917130,        0,    -332870,          0
 12468,    53,    1250000,     948690,        0,    -301310,          0
 12468,    54,    1250000,     959143,        0,    -290857,          0
 12468,    55,    1250000,     935605,        0,    -314395,          0
 12468,    56,    1250000,     912380,        0,    -337620,          0
 12468,    57,    1250000,     955035,        0,    -294965,          0
 12468,    58,    1250000,     980950,        0,    -269050,          0
 12468,    59,    1250000,     933591,        0,    -316409,          0
 12468,    60,    1250000,     988654,        0,    -261346,          0
 12468,    61,    1250000,     926185,        0,    -323815,          0
 12468,    62,    1250000,     991961,        0,    -258039,          0
 12468,    63,    1250000,    1043538,        0,    -206462,          0
 12468,    64,    1250000,     963335,        0,    -286665,          0
 12468,    65,    1250000,     920766,        0,    -329234,          0
 12468,    66,    1250000,     934011,        0,    -315989,          0
 12468,    67,    1250000,     965524,        0,    -284476,          0
 12468,    68,    1250000,    1037104,        0,    -212896,          0
 12468,    69,    1250000,     969727,        0,    -280273,          0
 12468,    70,    1250000,     993253,        0,    -256747,          0
 12468,    71,    1250000,     918130,        0,    -331870,          0
 12468,    72,    1250000,     994774,        0,    -255226,          0
 12468,    73,    1250000,     994036,        0,    -255964,          0
 12468,    74,    1250000,     943416,        0,    -306584,          0
 12468,    75,    1250000,     962816,        0,    -287184,          0
 12468,    76,    1250000,     941836,        0,    -308164,          0
 12468,    77,    1250000,     953754,        0,    -296246,          0
 12468,    78,    1250000,     974934,        0,    -275066,          0
 12468,    79,    1250000,    1095857,        0,    -154143,          0
 12468,    80,    1250000,    1029866,        0,    -220134,          0
 12468,    81,    1250000,     939306,        0,    -310694,          0
 12468,    82,    1250000,     946798,        0,    -303202,          0
 12468,    83,    1250000,     956286,        0,    -293714,          0
 12468,    84,    1250000,     924448,        0,    -325552,          0
 12468,    85,    1250000,     975700,        0,    -274300,          0
 12468,    86,    1250000,     939145,        0,    -310855,          0
 12468,    87,    1250000,     920538,        0,    -329462,          0
 12468,    88,    1250000,    1036454,        0,    -213546,          0
 12468,    89,    1250000,     935826,        0,    -314174,          0
 12468,    90,    1250000,     922775,        0,    -327225,          0
 12468,    91,    1250000,     929200,        0,    -320800,          0
 12468,    92,    1250000,     913032,        0,    -336968,          0
 12468,    93,    1250000,     948133,        0,    -301867,          0
 12468,    94,    1250000,     912488,        0,    -337512,          0
 12468,    95,    1250000,     939626,        0,    -310374,          0
 12468,    96,    1250000,     974541,        0,    -275459,          0
 12468,    97,    1250000,     972149,        0,    -277851,          0
 12468,    98,    1250000,     931041,        0,    -318959,          0
 12468,    99,    1250000,     939218,        0,    -310782,          0
 12468,   100,    1250000,     952592,        0,    -297408,          0
 12468,   101,    1250000,     978696,        0,    -271304,          0
 12468,   102,    1250000,     945006,        0,    -304994,          0
 12468,   103,    1250000,     957437,        0,    -292563,          0
 12468,   104,    1250000,     938750,        0,    -311250,          0
 12468,   105,    1250000,     914458,        0,    -335542,          0
 12468,   106,    1250000,     947603,        0,    -302397,          0
 12468,   107,    1250000,     920603,        0,    -329397,          0
 12468,   108,    1250000,    1003991,        0,    -246009,          0
 12468,   109,    1250000,     965729,        0,    -284271,          0
 12468,   110,    1250000,     977453,        0,    -272547,          0
 12468,   111,    1250000,     927486,        0,    -322514,          0
 12468,   112,    1250000,     924052,        0,    -325948,          0
 12468,   113,    1250000,     915215,        0,    -334785,          0
 12468,   114,    1250000,     909210,        0,    -340790,          0
 12468,   115,    1250000,    1021380,        0,    -228620,          0
 12468,   116,    1250000,     902620,        0,    -347380,          0
 12468,   117,    1250000,     911491,        0,    -338509,          0
 12468,   118,    1250000,     979362,        0,    -270638,          0
 12468,   119,    1250000,     907401,        0,    -342599,          0
 12468,   120,    1250000,     934902,        0,    -315098,          0
 12468,   121,    1250000,     982164,        0,    -267836,          0
 12468,   122,    1250000,     957700,        0,    -292300,          0
 12468,   123,    1250000,     926778,        0,    -323222,          0
 12468,   124,    1250000,     914703,        0,    -335297,          0
 12468,   125,    1250000,     967595,        0,    -282405,          0
 12468,   126,    1250000,     974212,        0,    -275788,          0
 12468,   127,    1250000,     917557,        0,    -332443,          0
 12468,   128,    1250000,     925370,        0,    -324630,          0
 12468,   129,    1250000,    1001671,        0,    -248329,          0
 12468,   130,    1250000,     928577,        0,    -321423,          0
 12468,   131,    1250000,     941546,        0,    -308454,          0
 12468,   132,    1250000,     942810,        0,    -307190,          0
 12468,   133,    1250000,     939759,        0,    -310241,          0
 12468,   134,    1250000,     922093,        0,    -327907,          0
 12468,   135,    1250000,     950338,        0,    -299662,          0
 12468,   136,    1250000,    1005541,        0,    -244459,          0
 12468,   137,    1250000,     909506,        0,    -340494,          0
 12468,   138,    1250000,     919510,        0,    -330490,          0
 12468,   139,    1250000,     933493,        0,    -316507,          0
 12468,   140,    1250000,     979977,        0,    -270023,          0
 12468,   141,    1250000,     963375,        0,    -286625,          0
 12468,   142,    1250000,     943735,        0,    -306265,          0
 12468,   143,    1250000,     966559,        0,    -283441,          0
 12468,   144,    1250000,     917295,        0,    -332705,          0
 12468,   145,    1250000,     928618,        0,    -321382,          0
 12468,   146,    1250000,     911427,        0,    -338573,          0
 12468,   147,    1250000,     932156,        0,    -317844,          0
 12468,   148,    1250000,     976565,        0,    -273435,          0
 12468,   149,    1250000,    1032376,        0,    -217624,          0
 12468,   150,    1250000,     949284,        0,    -300716,          0
 12468,   151,    1250000,     937512,        0,    -312488,          0
 12468,   152,    1250000,     920327,        0,    -329673,          0
 12468,   153,    1250000,     917290,        0,    -332710,          0
 12468,   154,    1250000,     972793,        0,    -277207,          0
 12468,   155,    1250000,     915084,        0,    -334916,          0
 12468,   156,    1250000,     962091,        0,    -287909,          0
 12468,   157,    1250000,     967727,        0,    -282273,          0
 12468,   158,    1250000,    1022148,        0,    -227852,          0
 12468,   159,    1250000,     968705,        0,    -281295,          0
 12468,   160,    1250000,    1005736,        0,    -244264,          0
 12468,   161,    1250000,     937632,        0,    -312368,          0
 12468,   162,    1250000,     916011,        0,    -333989,          0
 12468,   163,    1250000,     941363,        0,    -308637,          0
 12468,   164,    1250000,     921417,        0,    -328583,          0
 12468,   165,    1250000,     951635,        0,    -298365,          0
 12468,   166,    1250000,     944626,        0,    -305374,          0
 12468,   167,    1250000,     928694,        0,    -321306,          0
 12468,   168,    1250000,     935279,        0,    -314721,          0
 12468,   169,    1250000,     937565,        0,    -312435,          0
 12468,   170,    1250000,     985765,        0,    -264235,          0
 12468,   171,    1250000,     933178,        0,    -316822,          0
 12468,   172,    1250000,     927536,        0,    -322464,          0
 12468,   173,    1250000,     952690,        0,    -297310,          0
 12468,   174,    1250000,     967625,        0,    -282375,          0
 12468,   175,    1250000,     948387,        0,    -301613,          0
 12468,   176,    1250000,     917335,        0,    -332665,          0
 12468,   177,    1250000,     915777,        0,    -334223,          0
 12468,   178,    1250000,     923784,        0,    -326216,          0
 12468,   179,    1250000,    1125886,        0,    -124114,          0
 12468,   180,    1250000,     981769,        0,    -268231,          0
 12468,   181,    1250000,     940631,        0,    -309369,          0
 12468,   182,    1250000,     915706,        0,    -334294,          0
 12468,   183,    1250000,     944033,        0,    -305967,          0
 12468,   184,    1250000,     927315,        0,    -322685,          0
 12468,   185,    1250000,     913454,        0,    -336546,          0
 12468,   186,    1250000,     942553,        0,    -307447,          0
 12468,   187,    1250000,     922443,        0,    -327557,          0
 12468,   188,    1250000,     974881,        0,    -275119,          0
 12468,   189,    1250000,     903748,        0,    -346252,          0
 12468,   190,    1250000,    1011696,        0,    -238304,          0
 12468,   191,    1250000,     923799,        0,    -326201,          0
 12468,   192,    1250000,     900380,        0,    -349620,          0
 12468,   193,    1250000,     984359,        0,    -265641,          0
 12468,   194,    1250000,     949504,        0,    -300496,          0
 12468,   195,    1250000,     906941,        0,    -343059,          0
 12468,   196,    1250000,    1030169,        0,    -219831,          0
 12468,   197,    1250000,     971018,        0,    -278982,          0
 12468,   198,    1250000,     958893,        0,    -291107,          0
 12468,   199,    1250000,     941111,        0,    -308889,          0
 12468,   200,    1250000,     932719,        0,    -317281,          0
 12468,   201,    1250000,     911853,        0,    -338147,          0
 12468,   202,    1250000,     921406,        0,    -328594,          0
 12468,   203,    1250000,     941196,        0,    -308804,          0
 12468,   204,    1250000,     973862,        0,    -276138,          0
 12468,   205,    1250000,     951727,        0,    -298273,          0
 12468,   206,    1250000,     927197,        0,    -322803,          0
 12468,   207,    1250000,     922245,        0,    -327755,          0
 12468,   208,    1250000,     929197,        0,    -320803,          0
 12468,   209,    1250000,     923465,        0,    -326535,          0
 12468,   210,    1250000,     969091,        0,    -280909,          0
 12468,   211,    1250000,     934437,        0,    -315563,          0
 12468,   212,    1250000,     954456,        0,    -295544,          0
 12468,   213,    1250000,    1004840,        0,    -245160,          0
 12468,   214,    1250000,     908557,        0,    -341443,          0
 12468,   215,    1250000,     917923,        0,    -332077,          0
 12468,   216,    1250000,     940402,        0,    -309598,          0
 12468,   217,    1250000,     926930,        0,    -323070,          0
 12468,   218,    1250000,     941719,        0,    -308281,          0
 12468,   219,    1250000,     901334,        0,    -348666,          0
 12468,   220,    1250000,    1024856,        0,    -225144,          0
 12468,   221,    1250000,     941742,        0,    -308258,          0
 12468,   222,    1250000,     958822,        0,    -291178,          0
 12468,   223,    1250000,     934410,        0,    -315590,          0
 12468,   224,    1250000,    1009841,        0,    -240159,          0
 12468,   225,    1250000,     945516,        0,    -304484,          0
 12468,   226,    1250000,     935995,        0,    -314005,          0
 12468,   227,    1250000,     933293,        0,    -316707,          0
 12468,   228,    1250000,     998004,        0,    -251996,          0
 12468,   229,    1250000,     928707,        0,    -321293,          0
 12468,   230,    1250000,     944150,        0,    -305850,          0
 12468,   231,    1250000,     919956,        0,    -330044,          0
 12468,   232,    1250000,     960200,        0,    -289800,          0
 12468,   233,    1250000,     907937,        0,    -342063,          0
 12468,   234,    1250000,     951457,        0,    -298543,          0
 12468,   235,    1250000,     920980,        0,    -329020,          0
 12468,   236,    1250000,     933471,        0,    -316529,          0
 12468,   237,    1250000,     971684,        0,    -278316,          0
 12468,   238,    1250000,     922595,        0,    -327405,          0
 12468,   239,    1250000,     967706,        0,    -282294,          0
 12468,   240,    1250000,     982676,        0,    -267324,          0
 12468,   241,    1250000,     931694,        0,    -318306,          0
 12468,   242,    1250000,     924140,        0,    -325860,          0
 12468,   243,    1250000,     948067,        0,    -301933,          0
 12468,   244,    1250000,    1003951,        0,    -246049,          0
 12468,   245,    1250000,     927261,        0,    -322739,          0
 12468,   246,    1250000,     914093,        0,    -335907,          0
 12468,   247,    1250000,     912451,        0,    -337549,          0
 12468,   248,    1250000,     916046,        0,    -333954,          0
 12468,   249,    1250000,     927296,        0,    -322704,          0
 12468,   250,    1250000,     928144,        0,    -321856,          0
 12468,   251,    1250000,     951136,        0,    -298864,          0
 12468,   252,    1250000,     931654,        0,    -318346,          0
 12468,   253,    1250000,     934980,        0,    -315020,          0
 12468,   254,    1250000,     954345,        0,    -295655,          0
 12468,   255,    1250000,     951466,        0,    -298534,          0
 12468,   256,    1250000,     921126,        0,    -328874,          0
 12468,   257,    1250000,     931693,        0,    -318307,          0
 12468,   258,    1250000,     996200,        0,    -253800,          0
 12468,   259,    1250000,     972359,        0,    -277641,          0
 12468,   260,    1250000,     918978,        0,    -331022,          0
 12468,   261,    1250000,     917919,        0,    -332081,          0
 12468,   262,    1250000,     917001,        0,    -332999,          0
 12468,   263,    1250000,     953385,        0,    -296615,          0
 12468,   264,    1250000,     897951,        0,    -352049,          0
 12468,   265,    1250000,     986776,        0,    -263224,          0
 12468,   266,    1250000,     917604,        0,    -332396,          0
 12468,   267,    1250000,     972352,        0,    -277648,          0
 12468,   268,    1250000,     986064,        0,    -263936,          0
 12468,   269,    1250000,     928653,        0,    -321347,          0
 12468,   270,    1250000,     930688,        0,    -319312,          0
 12468,   271,    1250000,     949773,        0,    -300227,          0
 12468,   272,    1250000,     955671,        0,    -294329,          0
 12468,   273,    1250000,     914697,        0,    -335303,          0
 12468,   274,    1250000,     931507,        0,    -318493,          0
 12468,   275,    1250000,     921002,        0,    -328998,          0
 12468,   276,    1250000,     987720,        0,    -262280,          0
 12468,   277,    1250000,     985535,        0,    -264465,          0
 12468,   278,    1250000,     984987,        0,    -265013,          0
 12468,   279,    1250000,    1168758,        0,     -81242,          0
 12468,   280,    1250000,    1054667,        0,    -195333,          0
 12468,   281,    1250000,     971745,        0,    -278255,          0
 12468,   282,    1250000,     922252,        0,    -327748,          0
 12468,   283,    1250000,     942580,        0,    -307420,          0
 12468,   284,    1250000,     931962,        0,    -318038,          0
 12468,   285,    1250000,    1008921,        0,    -241079,          0
 12468,   286,    1250000,     956089,        0,    -293911,          0
 12468,   287,    1250000,     957306,        0,    -292694,          0
 12468,   288,    1250000,     918429,        0,    -331571,          0
 12468,   289,    1250000,     912471,        0,    -337529,          0
 12468,   290,    1250000,     926963,        0,    -323037,          0
 12468,   291,    1250000,     957313,        0,    -292687,          0
 12468,   292,    1250000,     979796,        0,    -270204,          0
 12468,   293,    1250000,     936892,        0,    -313108,          0
 12468,   294,    1250000,     975041,        0,    -274959,          0
 12468,   295,    1250000,     897065,        0,    -352935,          0
 12468,   296,    1250000,     971217,        0,    -278783,          0
 12468,   297,    1250000,     959401,        0,    -290599,          0
 12468,   298,    1250000,     956981,        0,    -293019,          0
 12468,   299,    1250000,     942711,        0,    -307289,          0
 12468,   300,    1250000,     927318,        0,    -322682,          0
 12468,   301,    1250000,     939872,        0,    -310128,          0
 12468,   302,    1250000,     916943,        0,    -333057,          0
 12468,   303,    1250000,     955723,        0,    -294277,          0
 12468,   304,    1250000,     902965,        0,    -347035,          0
 12468,   305,    1250000,     956777,        0,    -293223,          0
 12468,   306,    1250000,     922628,        0,    -327372,          0
 12468,   307,    1250000,     989302,        0,    -260698,          0
 12468,   308,    1250000,     926126,        0,    -323874,          0
 12468,   309,    1250000,     925528,        0,    -324472,          0
 12468,   310,    1250000,     950242,        0,    -299758,          0
 12468,   311,    1250000,     921494,        0,    -328506,          0
 12468,   312,    1250000,     972653,        0,    -277347,          0
 12468,   313,    1250000,     994431,        0,    -255569,          0
 12468,   314,    1250000,     920339,        0,    -329661,          0
 12468,   315,    1250000,     949347,        0,    -300653,          0
 12468,   316,    1250000,     945753,        0,    -304247,          0
 12468,   317,    1250000,     910779,        0,    -339221,          0
 12468,   318,    1250000,    1041397,        0,    -208603,          0
 12468,   319,    1250000,     925582,        0,    -324418,          0
 12468,   320,    1250000,     909854,        0,    -340146,          0
 12468,   321,    1250000,     946832,        0,    -303168,          0
 12468,   322,    1250000,     923069,        0,    -326931,          0
 12468,   323,    1250000,     910864,        0,    -339136,          0
 12468,   324,    1250000,     928843,        0,    -321157,          0
 12468,   325,    1250000,     927453,        0,    -322547,          0
 12468,   326,    1250000,     951771,        0,    -298229,          0
 12468,   327,    1250000,     925424,        0,    -324576,          0
 12468,   328,    1250000,     948723,        0,    -301277,          0
 12468,   329,    1250000,     932232,        0,    -317768,          0
 12468,   330,    1250000,     962049,        0,    -287951,          0
 12468,   331,    1250000,     921564,        0,    -328436,          0
 12468,   332,    1250000,     938847,        0,    -311153,          0
 12468,   333,    1250000,     933165,        0,    -316835,          0
 12468,   334,    1250000,     920387,        0,    -329613,          0
 12468,   335,    1250000,     937473,        0,    -312527,          0
 12468,   336,    1250000,     939644,        0,    -310356,          0
 12468,   337,    1250000,     956795,        0,    -293205,          0
 12468,   338,    1250000,     972746,        0,    -277254,          0
 12468,   339,    1250000,     927948,        0,    -322052,          0
 12468,   340,    1250000,     926354,        0,    -323646,          0
 12468,   341,    1250000,     926688,        0,    -323312,          0
 12468,   342,    1250000,     925269,        0,    -324731,          0
 12468,   343,    1250000,     947257,        0,    -302743,          0
 12468,   344,    1250000,     957332,        0,    -292668,          0
 12468,   345,    1250000,     906846,        0,    -343154,          0
 12468,   346,    1250000,     981391,        0,    -268609,          0
 12468,   347,    1250000,     916936,        0,    -333064,          0
 12468,   348,    1250000,     923980,        0,    -326020,          0
 12468,   349,    1250000,     942127,        0,    -307873,          0
 12468,   350,    1250000,     929457,        0,    -320543,          0
 12468,   351,    1250000,     987739,        0,    -262261,          0
 12468,   352,    1250000,     968173,        0,    -281827,          0
 12468,   353,    1250000,     932175,        0,    -317825,          0
 12468,   354,    1250000,     934897,        0,    -315103,          0
 12468,   355,    1250000,     931128,        0,    -318872,          0
 12468,   356,    1250000,     994340,        0,    -255660,          0
 12468,   357,    1250000,     921771,        0,    -328229,          0
 12468,   358,    1250000,     959138,        0,    -290862,          0
 12468,   359,    1250000,     963336,        0,    -286664,          0
 12468,   360,    1250000,     964214,        0,    -285786,          0
 12468,   361,    1250000,     951614,        0,    -298386,          0
 12468,   362,    1250000,    1023602,        0,    -226398,          0
 12468,   363,    1250000,     952834,        0,    -297166,          0
 12468,   364,    1250000,     933787,        0,    -316213,          0
 12468,   365,    1250000,     960061,        0,    -289939,          0
 12468,   366,    1250000,     958483,        0,    -291517,          0
 12468,   367,    1250000,     933136,        0,    -316864,          0
 12468,   368,    1250000,     942120,        0,    -307880,          0
 12468,   369,    1250000,     961744,        0,    -288256,          0
 12468,   370,    1250000,     941255,        0,    -308745,          0
 12468,   371,    1250000,     980909,        0,    -269091,          0
 12468,   372,    1250000,     967425,        0,    -282575,          0
 12468,   373,    1250000,     931654,        0,    -318346,          0
 12468,   374,    1250000,     997247,        0,    -252753,          0
 12468,   375,    1250000,     909829,        0,    -340171,          0
 12468,   376,    1250000,     955596,        0,    -294404,          0
 12468,   377,    1250000,     948922,        0,    -301078,          0
 12468,   378,    1250000,     955618,        0,    -294382,          0
 12468,   379,    1250000,    1168746,        0,     -81254,          0
 12468,   380,    1250000,    1014625,        0,    -235375,          0
 12468,   381,    1250000,     905420,        0,    -344580,          0
 12468,   382,    1250000,     932414,        0,    -317586,          0
 12468,   383,    1250000,     932941,        0,    -317059,          0
 12468,   384,    1250000,     938400,        0,    -311600,          0
 12468,   385,    1250000,     969910,        0,    -280090,          0
 12468,   386,    1250000,     950919,        0,    -299081,          0
 12468,   387,    1250000,     921928,        0,    -328072,          0
 12468,   388,    1250000,     912227,        0,    -337773,          0
 12468,   389,    1250000,    1023312,        0,    -226688,          0
 12468,   390,    1250000,     955507,        0,    -294493,          0
 12468,   391,    1250000,     893896,        0,    -356104,          0
 12468,   392,    1250000,     939895,        0,    -310105,          0
 12468,   393,    1250000,     957521,        0,    -292479,          0
 12468,   394,    1250000,     998987,        0,    -251013,          0
 12468,   395,    1250000,     948351,        0,    -301649,          0
 12468,   396,    1250000,     980297,        0,    -269703,          0
 12468,   397,    1250000,     921695,        0,    -328305,          0
 12468,   398,    1250000,     947791,        0,    -302209,          0
 12468,   399,    1250000,     937442,        0,    -312558,          0
 12468,   400,    1250000,     915003,        0,    -334997,          0
 12468,   401,    1250000,     956748,        0,    -293252,          0
 12468,   402,    1250000,     925010,        0,    -324990,          0
 12468,   403,    1250000,     960266,        0,    -289734,          0
 12468,   404,    1250000,     929709,        0,    -320291,          0
 12468,   405,    1250000,     960813,        0,    -289187,          0
 12468,   406,    1250000,     943597,        0,    -306403,          0
 12468,   407,    1250000,     962143,        0,    -287857,          0
 12468,   408,    1250000,     964384,        0,    -285616,          0
 12468,   409,    1250000,     904540,        0,    -345460,          0
 12468,   410,    1250000,     937578,        0,    -312422,          0
 12468,   411,    1250000,     927041,        0,    -322959,          0
 12468,   412,    1250000,     920385,        0,    -329615,          0
 12468,   413,    1250000,     969227,        0,    -280773,          0
 12468,   414,    1250000,     951110,        0,    -298890,          0
 12468,   415,    1250000,     955963,        0,    -294037,          0
 12468,   416,    1250000,    1058308,        0,    -191692,          0
 12468,   417,    1250000,     927102,        0,    -322898,          0
 12468,   418,    1250000,     915226,        0,    -334774,          0
 12468,   419,    1250000,     932013,        0,    -317987,          0
 12468,   420,    1250000,     926161,        0,    -323839,          0
 12468,   421,    1250000,     937867,        0,    -312133,          0
 12468,   422,    1250000,     931566,        0,    -318434,          0
 12468,   423,    1250000,     977585,        0,    -272415,          0
 12468,   424,    1250000,     944795,        0,    -305205,          0
 12468,   425,    1250000,     917899,        0,    -332101,          0
 12468,   426,    1250000,     933862,        0,    -316138,          0
 12468,   427,    1250000,     911054,        0,    -338946,          0
 12468,   428,    1250000,     913822,        0,    -336178,          0
 12468,   429,    1250000,    1040431,        0,    -209569,          0
 12468,   430,    1250000,     939641,        0,    -310359,          0
 12468,   431,    1250000,     949771,        0,    -300229,          0
 12468,   432,    1250000,     927143,        0,    -322857,          0
 12468,   433,    1250000,     938318,        0,    -311682,          0
 12468,   434,    1250000,     979505,        0,    -270495,          0
 12468,   435,    1250000,     945540,        0,    -304460,          0
 12468,   436,    1250000,     940370,        0,    -309630,          0
 12468,   437,    1250000,     938070,        0,    -311930,          0
 12468,   438,    1250000,     937208,        0,    -312792,          0
 12468,   439,    1250000,     931093,        0,    -318907,          0
 12468,   440,    1250000,     948871,        0,    -301129,          0
 12468,   441,    1250000,    1005471,        0,    -244529,          0
 12468,   442,    1250000,     959282,        0,    -290718,          0
 12468,   443,    1250000,     931213,        0,    -318787,          0
 12468,   444,    1250000,     931363,        0,    -318637,          0
 12468,   445,    1250000,     956891,        0,    -293109,          0
 12468,   446,    1250000,     932980,        0,    -317020,          0
 12468,   447,    1250000,     926322,        0,    -323678,          0
 12468,   448,    1250000,    1002589,        0,    -247411,          0
 12468,   449,    1250000,     953286,        0,    -296714,          0
 12468,   450,    1250000,     961555,        0,    -288445,          0
 12468,   451,    1250000,     978090,        0,    -271910,          0
 12468,   452,    1250000,     987358,        0,    -262642,          0
 12468,   453,    1250000,     957649,        0,    -292351,          0
 12468,   454,    1250000,     938239,        0,    -311761,          0
 12468,   455,    1250000,     915938,        0,    -334062,          0
 12468,   456,    1250000,     937607,        0,    -312393,          0
 12468,   457,    1250000,     921431,        0,    -328569,          0
 12468,   458,    1250000,     945726,        0,    -304274,          0
 12468,   459,    1250000,     933978,        0,    -316022,          0
 12468,   460,    1250000,     926873,        0,    -323127,          0
 12468,   461,    1250000,     941327,        0,    -308673,          0
 12468,   462,    1250000,     951447,        0,    -298553,          0
 12468,   463,    1250000,     939440,        0,    -310560,          0
 12468,   464,    1250000,     997011,        0,    -252989,          0
 12468,   465,    1250000,     939458,        0,    -310542,          0
 12468,   466,    1250000,     994538,        0,    -255462,          0
 12468,   467,    1250000,     977736,        0,    -272264,          0
 12468,   468,    1250000,     945776,        0,    -304224,          0
 12468,   469,    1250000,     949196,        0,    -300804,          0
 12468,   470,    1250000,     938639,        0,    -311361,          0
 12468,   471,    1250000,     945465,        0,    -304535,          0
 12468,   472,    1250000,     923559,        0,    -326441,          0
 12468,   473,    1250000,     943374,        0,    -306626,          0
 12468,   474,    1250000,     905778,        0,    -344222,          0
 12468,   475,    1250000,     929572,        0,    -320428,          0
 12468,   476,    1250000,     947050,        0,    -302950,          0
 12468,   477,    1250000,     924640,        0,    -325360,          0
 12468,   478,    1250000,     936266,        0,    -313734,          0
 12468,   479,    1250000,    1187797,        0,     -62203,          0
 12468,   480,    1250000,    1021019,        0,    -228981,          0
 12468,   481,    1250000,     946307,        0,    -303693,          0
 12468,   482,    1250000,     971406,        0,    -278594,          0
 12468,   483,    1250000,     924601,        0,    -325399,          0
 12468,   484,    1250000,     969944,        0,    -280056,          0
 12468,   485,    1250000,     945322,        0,    -304678,          0
 12468,   486,    1250000,     899461,        0,    -350539,          0
 12468,   487,    1250000,     922293,        0,    -327707,          0
 12468,   488,    1250000,     972207,        0,    -277793,          0
 12468,   489,    1250000,     935397,        0,    -314603,          0
 12468,   490,    1250000,     941303,        0,    -308697,          0
 12468,   491,    1250000,     927669,        0,    -322331,          0
 12468,   492,    1250000,     943125,        0,    -306875,          0
 12468,   493,    1250000,     962004,        0,    -287996,          0
 12468,   494,    1250000,     980151,        0,    -269849,          0
 12468,   495,    1250000,     948600,        0,    -301400,          0
 12468,   496,    1250000,     994725,        0,    -255275,          0
 12468,   497,    1250000,     912830,        0,    -337170,          0
 12468,   498,    1250000,     917122,        0,    -332878,          0
 12468,   499,    1250000,     940357,        0,    -309643,          0
 12468,   500,    1250000,     992447,        0,    -257553,          0
 12468,   501,    1250000,     971743,        0,    -278257,          0
 12468,   502,    1250000,     961154,        0,    -288846,          0
 12468,   503,    1250000,     941547,        0,    -308453,          0
 12468,   504,    1250000,     928324,        0,    -321676,          0
 12468,   505,    1250000,     957705,        0,    -292295,          0
 12468,   506,    1250000,     984342,        0,    -265658,          0
 12468,   507,    1250000,     914695,        0,    -335305,          0
 12468,   508,    1250000,     980898,        0,    -269102,          0
 12468,   509,    1250000,     955265,        0,    -294735,          0
 12468,   510,    1250000,     983586,        0,    -266414,          0
 12468,   511,    1250000,     961134,        0,    -288866,          0
 12468,   512,    1250000,    1011265,        0,    -238735,          0
 12468,   513,    1250000,     938588,        0,    -311412,          0
 12468,   514,    1250000,     983222,        0,    -266778,          0
 12468,   515,    1250000,     971344,        0,    -278656,          0
 12468,   516,    1250000,     949004,        0,    -300996,          0
 12468,   517,    1250000,     901363,        0,    -348637,          0
 12468,   518,    1250000,     945165,        0,    -304835,          0
 12468,   519,    1250000,     936925,        0,    -313075,          0
 12468,   520,    1250000,     937693,        0,    -312307,          0
 12468,   521,    1250000,     986318,        0,    -263682,          0
 12468,   522,    1250000,     941505,        0,    -308495,          0
 12468,   523,    1250000,     919226,        0,    -330774,          0
 12468,   524,    1250000,     945148,        0,    -304852,          0
 12468,   525,    1250000,     986329,        0,    -263671,          0
 12468,   526,    1250000,     908342,        0,    -341658,          0
 12468,   527,    1250000,     973821,        0,    -276179,          0
 12468,   528,    1250000,     970802,        0,    -279198,          0
 12468,   529,    1250000,     928026,        0,    -321974,          0
 12468,   530,    1250000,     940698,        0,    -309302,          0
 12468,   531,    1250000,     919204,        0,    -330796,          0
 12468,   532,    1250000,     923278,        0,    -326722,          0
 12468,   533,    1250000,     968080,        0,    -281920,          0
 12468,   534,    1250000,     961286,        0,    -288714,          0
 12468,   535,    1250000,     925007,        0,    -324993,          0
 12468,   536,    1250000,     919969,        0,    -330031,          0
 12468,   537,    1250000,     970223,        0,    -279777,          0
 12468,   538,    1250000,     991798,        0,    -258202,          0
 12468,   539,    1250000,     954166,        0,    -295834,          0
 12468,   540,    1250000,     971028,        0,    -278972,          0
 12468,   541,    1250000,     930612,        0,    -319388,          0
 12468,   542,    1250000,     939789,        0,    -310211,          0
 12468,   543,    1250000,     929519,        0,    -320481,          0
 12468,   544,    1250000,     915860,        0,    -334140,          0
 12468,   545,    1250000,     971632,        0,    -278368,          0
 12468,   546,    1250000,     937874,        0,    -312126,          0
 12468,   547,    1250000,     915448,        0,    -334552,          0
 12468,   548,    1250000,     954104,        0,    -295896,          0
 12468,   549,    1250000,     955569,        0,    -294431,          0
 12468,   550,    1250000,     947323,        0,    -302677,          0
 12468,   551,    1250000,     942466,        0,    -307534,          0
 12468,   552,    1250000,     994429,        0,    -255571,          0
 12468,   553,    1250000,     913388,        0,    -336612,          0
 12468,   554,    1250000,     903346,        0,    -346654,          0
 12468,   555,    1250000,     952956,        0,    -297044,          0
 12468,   556,    1250000,     929602,        0,    -320398,          0
 12468,   557,    1250000,     916727,        0,    -333273,          0
 12468,   558,    1250000,     970794,        0,    -279206,          0
 12468,   559,    1250000,     945936,        0,    -304064,          0
 12468,   560,    1250000,    1017218,        0,    -232782,          0
 12468,   561,    1250000,     957313,        0,    -292687,          0
 12468,   562,    1250000,     933987,        0,    -316013,          0
 12468,   563,    1250000,     996207,        0,    -253793,          0
 12468,   564,    1250000,     922125,        0,    -327875,          0
 12468,   565,    1250000,     921104,        0,    -328896,          0
 12468,   566,    1250000,     922495,        0,    -327505,          0
 12468,   567,    1250000,     922331,        0,    -327669,          0
 12468,   568,    1250000,     935211,        0,    -314789,          0
 12468,   569,    1250000,     912220,        0,    -337780,          0
 12468,   570,    1250000,     928218,        0,    -321782,          0
 12468,   571,    1250000,     936299,        0,    -313701,          0
 12468,   572,    1250000,     929388,        0,    -320612,          0
 12468,   573,    1250000,     955418,        0,    -294582,          0
 12468,   574,    1250000,     938279,        0,    -311721,          0
 12468,   575,    1250000,     918540,        0,    -331460,          0
 12468,   576,    1250000,     901207,        0,    -348793,          0
 12468,   577,    1250000,     913197,        0,    -336803,          0
 12468,   578,    1250000,     893799,        0,    -356201,          0
 12468,   579,    1250000,    1114665,        0,    -135335,          0
 12468,   580,    1250000,     949633,        0,    -300367,          0
 12468,   581,    1250000,     936279,        0,    -313721,          0
 12468,   582,    1250000,     911079,        0,    -338921,          0
 12468,   583,    1250000,     935154,        0,    -314846,          0
 12468,   584,    1250000,     930950,        0,    -319050,          0
 12468,   585,    1250000,    1026266,        0,    -223734,          0
 12468,   586,    1250000,     944411,        0,    -305589,          0
 12468,   587,    1250000,     940337,        0,    -309663,          0
 12468,   588,    1250000,     979342,        0,    -270658,          0
 12468,   589,    1250000,    1061421,        0,    -188579,          0
 12468,   590,    1250000,     977277,        0,    -272723,          0
 12468,   591,    1250000,     942795,        0,    -307205,          0
 12468,   592,    1250000,     934697,        0,    -315303,          0
 12468,   593,    1250000,     952806,        0,    -297194,          0
 12468,   594,    1250000,     944045,        0,    -305955,          0
 12468,   595,    1250000,     945089,        0,    -304911,          0
 12468,   596,    1250000,     955829,        0,    -294171,          0
 12468,   597,    1250000,     929452,        0,    -320548,          0
 12468,   598,    1250000,     944619,        0,    -305381,          0
 12468,   599,    1250000,     952304,        0,    -297696,          0
 12468,   600,    1250000,     933521,        0,    -316479,          0
 12468,   601,    1250000,     919485,        0,    -330515,          0
 12468,   602,    1250000,     950146,        0,    -299854,          0
 12468,   603,    1250000,     924190,        0,    -325810,          0
 12468,   604,    1250000,     945103,        0,    -304897,          0
 12468,   605,    1250000,     967889,        0,    -282111,          0
 12468,   606,    1250000,     941380,        0,    -308620,          0
 12468,   607,    1250000,     925039,        0,    -324961,          0
 12468,   608,    1250000,     922300,        0,    -327700,          0
 12468,   609,    1250000,     978357,        0,    -271643,          0
 12468,   610,    1250000,     941933,        0,    -308067,          0
 12468,   611,    1250000,     916981,        0,    -333019,          0
 12468,   612,    1250000,     924379,        0,    -325621,          0
 12468,   613,    1250000,     921660,        0,    -328340,          0
 12468,   614,    1250000,     947601,        0,    -302399,          0
 12468,   615,    1250000,     986684,        0,    -263316,          0
 12468,   616,    1250000,     906211,        0,    -343789,          0
 12468,   617,    1250000,     980896,        0,    -269104,          0
 12468,   618,    1250000,     948930,        0,    -301070,          0
 12468,   619,    1250000,     910488,        0,    -339512,          0
 12468,   620,    1250000,     954104,        0,    -295896,          0
 12468,   621,    1250000,     966521,        0,    -283479,          0
 12468,   622,    1250000,     987272,        0,    -262728,          0
 12468,   623,    1250000,     990558,        0,    -259442,          0
 12468,   624,    1250000,     929809,        0,    -320191,          0
 12468,   625,    1250000,     951530,        0,    -298470,          0
 12468,   626,    1250000,     958264,        0,    -291736,          0
 12468,   627,    1250000,     964479,        0,    -285521,          0
 12468,   628,    1250000,     930021,        0,    -319979,          0
 12468,   629,    1250000,     943599,        0,    -306401,          0
 12468,   630,    1250000,    1024030,        0,    -225970,          0
 12468,   631,    1250000,     941568,        0,    -308432,          0
 12468,   632,    1250000,     920092,        0,    -329908,          0
 12468,   633,    1250000,     932131,        0,    -317869,          0
 12468,   634,    1250000,     903916,        0,    -346084,          0
 12468,   635,    1250000,     962727,        0,    -287273,          0
 12468,   636,    1250000,     940352,        0,    -309648,          0
 12468,   637,    1250000,    1048035,        0,    -201965,          0
 12468,   638,    1250000,     933956,        0,    -316044,          0
 12468,   639,    1250000,     924473,        0,    -325527,          0
 12468,   640,    1250000,     922687,        0,    -327313,          0
 12468,   641,    1250000,     921215,        0,    -328785,          0
 12468,   642,    1250000,     958163,        0,    -291837,          0
 12468,   643,    1250000,     932151,        0,    -317849,          0
 12468,   644,    1250000,     935015,        0,    -314985,          0
 12468,   645,    1250000,     938828,        0,    -311172,          0
 12468,   646,    1250000,     909845,        0,    -340155,          0
 12468,   647,    1250000,     958296,        0,    -291704,          0
 12468,   648,    1250000,     920975,        0,    -329025,          0
 12468,   649,    1250000,    1003493,        0,    -246507,          0
 12468,   650,    1250000,     951141,        0,    -298859,          0
 12468,   651,    1250000,     931867,        0,    -318133,          0
 12468,   652,    1250000,     973315,        0,    -276685,          0
 12468,   653,    1250000,     937957,        0,    -312043,          0
 12468,   654,    1250000,     979130,        0,    -270870,          0
 12468,   655,    1250000,     957316,        0,    -292684,          0
 12468,   656,    1250000,     929448,        0,    -320552,          0
 12468,   657,    1250000,     945796,        0,    -304204,          0
 12468,   658,    1250000,     945562,        0,    -304438,          0
 12468,   659,    1250000,     906715,        0,    -343285,          0
 12468,   660,    1250000,     923665,        0,    -326335,          0
 12468,   661,    1250000,     952698,        0,    -297302,          0
 12468,   662,    1250000,     920989,        0,    -329011,          0
 12468,   663,    1250000,     932728,        0,    -317272,          0
 12468,   664,    1250000,     919819,        0,    -330181,          0
 12468,   665,    1250000,     929550,        0,    -320450,          0
 12468,   666,    1250000,     919272,        0,    -330728,          0
 12468,   667,    1250000,     931438,        0,    -318562,          0
 12468,   668,    1250000,     987337,        0,    -262663,          0
 12468,   669,    1250000,     925452,        0,    -324548,          0
 12468,   670,    1250000,     964599,        0,    -285401,          0
 12468,   671,    1250000,     910201,        0,    -339799,          0
 12468,   672,    1250000,     936355,        0,    -313645,          0
 12468,   673,    1250000,     917546,        0,    -332454,          0
 12468,   674,    1250000,     965279,        0,    -284721,          0
 12468,   675,    1250000,     913211,        0,    -336789,          0
 12468,   676,    1250000,     985980,        0,    -264020,          0
 12468,   677,    1250000,     924736,        0,    -325264,          0
 12468,   678,    1250000,     916060,        0,    -333940,          0
 12468,   679,    1250000,    1211880,        0,     -38120,          0
 12468,   680,    1250000,    1076426,        0,    -173574,          0
 12468,   681,    1250000,     911550,        0,    -338450,          0
 12468,   682,    1250000,     967224,        0,    -282776,          0
 12468,   683,    1250000,     903092,        0,    -346908,          0
 12468,   684,    1250000,     927594,        0,    -322406,          0
 12468,   685,    1250000,     934985,        0,    -315015,          0
 12468,   686,    1250000,     954325,        0,    -295675,          0
 12468,   687,    1250000,     901024,        0,    -348976,          0
 12468,   688,    1250000,     964589,        0,    -285411,          0
 12468,   689,    1250000,     913740,        0,    -336260,          0
 12468,   690,    1250000,     955128,        0,    -294872,          0
 12468,   691,    1250000,     909171,        0,    -340829,          0
 12468,   692,    1250000,     926488,        0,    -323512,          0
 12468,   693,    1250000,     922245,        0,    -327755,          0
 12468,   694,    1250000,     961374,        0,    -288626,          0
 12468,   695,    1250000,     912907,        0,    -337093,          0
 12468,   696,    1250000,     977203,        0,    -272797,          0
 12468,   697,    1250000,     954645,        0,    -295355,          0
 12468,   698,    1250000,     935235,        0,    -314765,          0
 12468,   699,    1250000,     940564,        0,    -309436,          0
 12468,   700,    1250000,     913585,        0,    -336415,          0
 12468,   701,    1250000,     932251,        0,    -317749,          0
 12468,   702,    1250000,     905393,        0,    -344607,          0
 12468,   703,    1250000,     974826,        0,    -275174,          0
 12468,   704,    1250000,     951314,        0,    -298686,          0
 12468,   705,    1250000,     962727,        0,    -287273,          0
 12468,   706,    1250000,     926226,        0,    -323774,          0
 12468,   707,    1250000,     908843,        0,    -341157,          0
 12468,   708,    1250000,     926699,        0,    -323301,          0
 12468,   709,    1250000,     981762,        0,    -268238,          0
 12468,   710,    1250000,     922651,        0,    -327349,          0
 12468,   711,    1250000,     930602,        0,    -319398,          0
 12468,   712,    1250000,     927642,        0,    -322358,          0
 12468,   713,    1250000,     951669,        0,    -298331,          0
 12468,   714,    1250000,     937177,        0,    -312823,          0
 12468,   715,    1250000,     909406,        0,    -340594,          0
 12468,   716,    1250000,     964589,        0,    -285411,          0
 12468,   717,    1250000,     932709,        0,    -317291,          0
 12468,   718,    1250000,     923776,        0,    -326224,          0
 12468,   719,    1250000,     906370,        0,    -343630,          0
 12468,   720,    1250000,     916300,        0,    -333700,          0
 12468,   721,    1250000,     988477,        0,    -261523,          0
 12468,   722,    1250000,     944593,        0,    -305407,          0
 12468,   723,    1250000,     937782,        0,    -312218,          0
 12468,   724,    1250000,     980632,        0,    -269368,          0
 12468,   725,    1250000,     936769,        0,    -313231,          0
 12468,   726,    1250000,     947761,        0,    -302239,          0
 12468,   727,    1250000,     967857,        0,    -282143,          0
 12468,   728,    1250000,     939291,        0,    -310709,          0
 12468,   729,    1250000,     940507,        0,    -309493,          0
 12468,   730,    1250000,     942001,        0,    -307999,          0
 12468,   731,    1250000,     946988,        0,    -303012,          0
 12468,   732,    1250000,     969025,        0,    -280975,          0
 12468,   733,    1250000,     908713,        0,    -341287,          0
 12468,   734,    1250000,     925681,        0,    -324319,          0
 12468,   735,    1250000,     943473,        0,    -306527,          0
 12468,   736,    1250000,     934750,        0,    -315250,          0
 12468,   737,    1250000,     950686,        0,    -299314,          0
 12468,   738,    1250000,     945175,        0,    -304825,          0
 12468,   739,    1250000,     928854,        0,    -321146,          0
 12468,   740,    1250000,     963951,        0,    -286049,          0
 12468,   741,    1250000,     962138,        0,    -287862,          0
 12468,   742,    1250000,     958273,        0,    -291727,          0
 12468,   743,    1250000,     911833,        0,    -338167,          0
 12468,   744,    1250000,     973136,        0,    -276864,          0
 12468,   745,    1250000,     986544,        0,    -263456,          0
 12468,   746,    1250000,     971977,        0,    -278023,          0
 12468,   747,    1250000,     945426,        0,    -304574,          0
 12468,   748,    1250000,     943864,        0,    -306136,          0
 12468,   749,    1250000,     994365,        0,    -255635,          0
 12468,   750,    1250000,     960573,        0,    -289427,          0
 12468,   751,    1250000,     950128,        0,    -299872,          0
 12468,   752,    1250000,     913635,        0,    -336365,          0
 12468,   753,    1250000,     944159,        0,    -305841,          0
 12468,   754,    1250000,     957427,        0,    -292573,          0
 12468,   755,    1250000,     896981,        0,    -353019,          0
 12468,   756,    1250000,     965652,        0,    -284348,          0
 12468,   757,    1250000,     924684,        0,    -325316,          0
 12468,   758,    1250000,     955662,        0,    -294338,          0
 12468,   759,    1250000,     950142,        0,    -299858,          0
 12468,   760,    1250000,     972567,        0,    -277433,          0
 12468,   761,    1250000,     977188,        0,    -272812,          0
 12468,   762,    1250000,     937033,        0,    -312967,          0
 12468,   763,    1250000,     948159,        0,    -301841,          0
 12468,   764,    1250000,     907861,        0,    -342139,          0
 12468,   765,    1250000,     948726,        0,    -301274,          0
 12468,   766,    1250000,     920264,        0,    -329736,          0
 12468,   767,    1250000,     977450,        0,    -272550,          0
 12468,   768,    1250000,     939004,        0,    -310996,          0
 12468,   769,    1250000,     944842,        0,    -305158,          0
 12468,   770,    1250000,     934800,        0,    -315200,          0
 12468,   771,    1250000,     970456,        0,    -279544,          0
 12468,   772,    1250000,     929926,        0,    -320074,          0
 12468,   773,    1250000,     965097,        0,    -284903,          0
 12468,   774,    1250000,    1007448,        0,    -242552,          0
 12468,   775,    1250000,    1029223,        0,    -220777,          0
 12468,   776,    1250000,     981499,        0,    -268501,          0
 12468,   777,    1250000,     939864,        0,    -310136,          0
 12468,   778,    1250000,     960938,        0,    -289062,          0
 12468,   779,    1250000,    1162994,        0,     -87006,          0
 12468,   780,    1250000,     958239,        0,    -291761,          0
 12468,   781,    1250000,     958688,        0,    -291312,          0
 12468,   782,    1250000,     963562,        0,    -286438,          0
 12468,   783,    1250000,     979934,        0,    -270066,          0
 12468,   784,    1250000,     915228,        0,    -334772,          0
 12468,   785,    1250000,     918197,        0,    -331803,          0
 12468,   786,    1250000,     935498,        0,    -314502,          0
 12468,   787,    1250000,     949930,        0,    -300070,          0
 12468,   788,    1250000,     922252,        0,    -327748,          0
 12468,   789,    1250000,     969246,        0,    -280754,          0
 12468,   790,    1250000,     976992,        0,    -273008,          0
 12468,   791,    1250000,     942239,        0,    -307761,          0
 12468,   792,    1250000,     905967,        0,    -344033,          0
 12468,   793,    1250000,     910183,        0,    -339817,          0
 12468,   794,    1250000,     950388,        0,    -299612,          0
 12468,   795,    1250000,     940859,        0,    -309141,          0
 12468,   796,    1250000,     956941,        0,    -293059,          0
 12468,   797,    1250000,    1046883,        0,    -203117,          0
 12468,   798,    1250000,     927174,        0,    -322826,          0
 12468,   799,    1250000,     950804,        0,    -299196,          0
 12468,   800,    1250000,     930431,        0,    -319569,          0
 12468,   801,    1250000,     949527,        0,    -300473,          0
 12468,   802,    1250000,     925140,        0,    -324860,          0
 12468,   803,    1250000,     950731,        0,    -299269,          0
 12468,   804,    1250000,     957812,        0,    -292188,          0
