273 273 1
457 457 1
109 109 1
503 503 1
387 387 1
122 122 1
161 161 1
207 207 1
123 123 1
123 123 1
136 136 1
373 373 1
188 188 1
452 452 1
669 669 1
336 336 1
306 306 1
112 112 1
220 220 1
184 184 1
772 772 1
278 278 1
912 912 1
360 360 1
634 634 1
 
538 538 1
350 350 1
247 247 1
385 385 1
733 733 1
1175 1175 1
498 498 1
264 264 1
286 286 1
226 226 1
457 457 1
227 227 1
1445 1445 1
617 617 1
1256 1256 1
412 412 1
559 559 1
645 645 1
1366 1366 1
272 272 1
212 212 1
444 444 1
291 291 1
757 757 1
351 351 1
 
936 936 1
421 421 1
578 578 1
508 508 1
610 610 1
408 408 1
1311 1311 1
721 721 1
546 546 1
562 562 1
471 471 1
637 637 1
882 882 1
514 514 1
381 381 1
290 290 1
535 535 1
620 620 1
1278 1278 1
401 401 1
385 385 1
1191 1191 1
291 291 1
763 763 1
1628 1628 1
 
1365 1365 1
563 563 1
530 530 1
568 568 1
626 626 1
1666 1666 1
1310 1310 1
709 709 1
885 885 1
658 658 1
970 970 1
1751 1751 1
609 609 1
1393 1393 1
452 452 1
820 820 1
419 419 1
617 617 1
802 802 1
1216 1216 1
818 818 1
1061 1061 1
959 959 1
1712 1712 1
853 853 1
 
691 691 1
2550 2550 1
1118 1118 1
773 773 1
982 982 1
516 516 1
1831 1831 1
1010 1010 1
1885 1885 1
1308 1308 1
2447 2447 1
1085 1085 1
2064 2064 1
879 879 1
1987 1987 1
1161 1161 1
1476 1476 1
1006 1006 1
720 720 1
865 865 1
1264 1264 1
793 793 1
1103 1103 1
1011 1011 1
1853 1853 1
 
1142 1142 1
1682 1682 1
1215 1215 1
559 559 1
1579 1579 1
2087 2087 1
1125 1125 1
1664 1664 1
1257 1257 1
1814 1814 1
1265 1265 1
839 839 1
963 963 1
2249 2249 1
1424 1424 1
892 892 1
1321 1321 1
623 623 1
1310 1310 1
1286 1286 1
907 907 1
1259 1259 1
1124 1124 1
1368 1368 1
1445 1445 1
 
755 755 1
1267 1267 1
1997 1997 1
1745 1745 1
1236 1236 1
1516 1516 1
1984 1984 1
2110 2110 1
1109 1109 1
2007 2007 1
2681 2681 1
833 833 1
1554 1554 1
1748 1748 1
1110 1110 1
3052 3052 1
2122 2122 1
1460 1460 1
2012 2012 1
1953 1953 1
2620 2620 1
1823 1823 1
1138 1138 1
1451 1451 1
1867 1867 1
 
1398 1398 1
2345 2345 1
3318 3318 1
1832 1832 1
1514 1514 1
2244 2244 1
2221 2221 1
1805 1805 1
893 893 1
1678 1678 1
1238 1238 1
3046 3046 1
2158 2158 1
2177 2177 1
1695 1695 1
2086 2086 1
2520 2520 1
1267 1267 1
2306 2307 0
1003 1003 1
1569 1569 1
2463 2463 1
1171 1171 1
1498 1498 1
1768 1768 1
 
1365 1365 1
1762 1762 1
1337 1337 1
2605 2605 1
2266 2266 1
1880 1880 1
1573 1573 1
1311 1311 1
1907 1907 1
2684 2684 1
1684 1684 1
2321 2321 1
1703 1703 1
1408 1408 1
1405 1405 1
2249 2249 1
1642 1642 1
2497 2500 0
1906 1906 1
2069 2069 1
1895 1895 1
2864 2864 1
1366 1366 1
2237 2237 1
3124 3124 1
 
1899 1899 1
2050 2050 1
2637 2637 1
2364 2365 0
2843 2843 1
1728 1728 1
2228 2228 1
2525 2525 1
3146 3146 1
2664 2664 1
1895 1895 1
2752 2752 1
3586 3586 1
2583 2583 1
2551 2551 1
2688 2688 1
2025 2025 1
2775 2775 1
3451 3451 1
2285 2285 1
1754 1754 1
1639 1639 1
1844 1844 1
2359 2367 0
2236 2236 1
 
3026 3026 1
1396 1396 1
3876 3876 1
3656 3656 1
1612 1612 1
2262 2262 1
2288 2288 1
2370 2370 1
2543 2543 1
2392 2392 1
1699 1699 1
1929 1929 1
2563 2563 1
2629 2629 1
2338 2338 1
1812 1812 1
2128 2128 1
1823 1823 1
1967 1967 1
1177 1177 1
1737 1737 1
1716 1716 1
2202 2202 1
1937 1937 1
2153 2153 1
 
1767 1767 1
5070 5070 1
3055 3055 1
2016 2016 1
3241 3257 0
2204 2204 1
4471 4488 0
3044 3044 1
4008 4009 0
2111 2111 1
1704 1704 1
2472 2472 1
2551 2551 1
2241 2241 1
2117 2117 1
4330 4330 1
2956 2956 1
2196 2196 1
3634 3634 1
3997 3997 1
2376 2376 1
1930 1930 1
1718 1718 1
1492 1492 1
1880 1880 1
 
2880 2880 1
1477 1477 1
3316 3316 1
2707 2707 1
2723 2723 1
2259 2259 1
2266 2266 1
2150 2150 1
2997 2997 1
3220 3220 1
2810 2810 1
2447 2447 1
2769 2769 1
3154 3154 1
2161 2161 1
2386 2386 1
1905 1905 1
2671 2671 1
1493 1493 1
2538 2538 1
2610 2610 1
2378 2378 1
2901 2901 1
3013 3013 1
1834 1834 1
 
2689 2689 1
2672 2672 1
2698 2698 1
2362 2362 1
3131 3131 1
2728 2728 1
3762 3762 1
3463 3463 1
2962 2962 1
3684 3684 1
3215 3215 1
4452 4452 1
2579 2579 1
3728 3729 0
2627 2627 1
3774 3774 1
1948 1948 1
2643 2643 1
3526 3527 0
2409 2409 1
2604 2604 1
2940 2940 1
3741 3756 0
3141 3141 1
2493 2493 1
 
2731 2731 1
3058 3058 1
5432 5432 1
1874 1874 1
2991 2991 1
3329 3329 1
3786 3786 1
4703 4704 0
2663 2663 1
4005 4005 1
3264 3264 1
2570 2570 1
2695 2695 1
3749 3750 0
3611 3611 1
2644 2644 1
3402 3403 0
2704 2704 1
2757 2759 0
4110 4110 1
2814 2814 1
4007 4011 0
3001 3001 1
2934 2934 1
3077 3077 1
 
3713 3713 1
2916 2917 0
3389 3389 1
3476 3476 1
1852 1852 1
2734 2736 0
2842 2842 1
3077 3077 1
5181 5181 1
4384 4385 0
3906 3908 0
4065 4065 1
3632 3632 1
3688 3688 1
2868 2868 1
3780 3784 0
3935 3935 1
4223 4223 1
2687 2687 1
3759 3759 1
3849 3849 1
3798 3799 0
2115 2115 1
2991 2991 1
4960 4960 1
 
2685 2685 1
3898 3899 0
5970 5971 0
2628 2630 0
2664 2665 0
3802 3817 0
3559 3559 1
3121 3121 1
3484 3484 1
3268 3268 1
3015 3016 0
5230 5232 0
4673 4676 0
3276 3278 0
3670 3670 1
4440 4442 0
3315 3316 0
3074 3074 1
5731 5731 1
3420 3422 0
3474 3474 1
3551 3551 1
3172 3172 1
2833 2833 1
2505 2505 1
 
3412 3412 1
2768 2768 1
3257 3257 1
5239 5241 0
4407 4424 0
3851 3857 0
2662 2664 0
3827 3828 0
3402 3402 1
3610 3610 1
3104 3104 1
3004 3005 0
3897 3901 0
3234 3249 0
4136 4136 1
3499 3499 1
3671 3672 0
3529 3529 1
3030 3031 0
3801 3801 1
3550 3550 1
3549 3551 0
3774 3774 1
5456 5492 0
4254 4254 1
 
3947 3952 0
3326 3329 0
3343 3345 0
2744 2744 1
3782 3782 1
6243 6245 0
4278 4293 0
3473 3474 0
3871 3876 0
4803 4805 0
3047 3053 0
3617 3617 1
4596 4599 0
5251 5274 0
5379 5400 0
4216 4257 0
3619 3619 1
5777 5777 1
4006 4007 0
3979 3979 1
4155 4156 0
3891 3895 0
4669 4676 0
4526 4529 0
3477 3477 1
 
4311 4435 0
3868 3880 0
3579 3586 0
3437 3439 0
4856 4864 0
4516 4569 0
5891 5922 0
4805 4805 1
3042 3049 0
4085 4154 0
4715 4743 0
4252 4301 0
3961 3961 1
4625 4643 0
3477 3477 1
3887 3895 0
4297 4392 0
4941 4974 0
5302 5302 1
4175 4178 0
5698 5701 0
4109 4135 0
4111 4119 0
4734 4775 0
5017 5132 0
 
3987 4071 0
3880 3913 0
3372 3543 0
5131 5363 0
3091 3330 0
3570 3700 0
3224 3288 0
3713 3806 0
5692 5944 0
4090 4105 0
4185 4393 0
4237 4502 0
4167 4380 0
3827 3950 0
3637 3688 0
4339 4500 0
4339 4480 0
4601 4731 0
5740 5902 0
4447 4645 0
3176 3265 0
4357 4465 0
3914 4105 0
3894 3999 0
4554 4675 0
 
460 5454 0
513 5215 0
320 4675 0
328 4477 0
373 4109 0
367 4518 0
460 4858 0
445 4397 0
325 3629 0
448 4559 0
472 4970 0
310 3310 0
360 4354 0
398 4673 0
426 5881 0
355 5039 0
411 4856 0
323 3647 0
348 3623 0
462 4596 0
408 4299 0
347 4028 0
447 4670 0
486 5938 0
320 4029 0
 
237 3404 0
257 3702 0
195 3345 0
134 3241 0
282 3938 0
217 3507 0
194 2859 0
227 3413 0
245 4170 0
241 3224 0
319 4196 0
262 4030 0
235 3951 0
202 3675 0
224 3397 0
234 3473 0
233 3626 0
160 3150 0
255 3473 0
194 3173 0
202 3637 0
284 3798 0
289 3381 0
212 3603 0
223 3867 0
 
===
