273 273 1
457 457 1
109 109 1
503 503 1
387 387 1
122 122 1
161 161 1
207 207 1
123 123 1
123 123 1
136 136 1
373 373 1
188 188 1
452 452 1
669 669 1
336 336 1
306 306 1
112 112 1
220 220 1
184 184 1
772 772 1
278 278 1
912 912 1
360 360 1
634 634 1
 
537 537 1
349 349 1
249 249 1
382 382 1
733 733 1
1175 1175 1
498 498 1
264 264 1
285 285 1
226 226 1
458 458 1
227 227 1
1445 1445 1
617 617 1
1256 1256 1
411 411 1
559 559 1
645 645 1
1368 1368 1
272 272 1
212 212 1
444 444 1
291 291 1
756 756 1
350 350 1
 
936 936 1
421 421 1
578 578 1
508 508 1
610 610 1
409 409 1
1308 1308 1
721 721 1
546 546 1
558 558 1
473 473 1
638 638 1
885 885 1
515 515 1
380 380 1
289 289 1
535 535 1
621 621 1
1280 1280 1
401 401 1
384 384 1
1197 1197 1
291 291 1
761 761 1
1625 1625 1
 
1369 1369 1
570 570 1
532 532 1
569 569 1
625 625 1
1658 1658 1
1302 1302 1
706 706 1
884 884 1
652 652 1
971 971 1
1752 1752 1
608 608 1
1395 1395 1
452 452 1
819 819 1
420 420 1
620 620 1
801 801 1
1216 1216 1
817 817 1
1060 1060 1
960 960 1
1712 1712 1
850 850 1
 
689 689 1
2546 2546 1
1118 1118 1
771 771 1
981 981 1
516 516 1
1832 1832 1
1009 1009 1
1879 1879 1
1309 1309 1
2451 2451 1
1086 1086 1
2052 2052 1
875 875 1
1986 1986 1
1165 1165 1
1481 1481 1
1009 1009 1
717 717 1
866 866 1
1265 1265 1
793 793 1
1103 1103 1
1011 1011 1
1853 1853 1
 
1140 1140 1
1679 1679 1
1215 1215 1
560 560 1
1579 1579 1
2087 2087 1
1125 1125 1
1660 1660 1
1257 1257 1
1815 1815 1
1265 1265 1
839 839 1
962 962 1
2248 2248 1
1424 1424 1
892 892 1
1321 1321 1
623 623 1
1310 1310 1
1298 1298 1
906 906 1
1259 1259 1
1121 1121 1
1368 1368 1
1446 1446 1
 
756 756 1
1268 1268 1
1998 1998 1
1745 1745 1
1238 1238 1
1516 1516 1
1981 1981 1
2110 2110 1
1109 1109 1
2006 2006 1
2681 2681 1
833 833 1
1554 1554 1
1748 1748 1
1109 1109 1
3053 3053 1
2122 2122 1
1460 1460 1
2011 2011 1
1953 1953 1
2620 2620 1
1823 1823 1
1137 1137 1
1451 1451 1
1864 1864 1
 
1399 1399 1
2345 2345 1
3316 3316 1
1832 1832 1
1514 1514 1
2244 2244 1
2219 2219 1
1805 1805 1
894 894 1
1677 1677 1
1238 1238 1
3062 3062 1
2159 2159 1
2177 2177 1
1692 1692 1
2087 2087 1
2526 2526 1
1264 1264 1
2306 2306 1
1003 1003 1
1568 1568 1
2458 2458 1
1171 1171 1
1501 1501 1
1767 1767 1
 
1366 1366 1
1763 1763 1
1337 1337 1
2602 2602 1
2265 2265 1
1881 1881 1
1574 1574 1
1311 1311 1
1906 1906 1
2683 2683 1
1683 1683 1
2321 2321 1
1702 1702 1
1410 1410 1
1404 1404 1
2250 2250 1
1644 1644 1
2501 2501 1
1905 1905 1
2068 2068 1
1896 1896 1
2865 2865 1
1365 1365 1
2239 2239 1
3124 3124 1
 
1898 1898 1
2050 2050 1
2635 2635 1
2365 2366 0
2841 2841 1
1728 1728 1
2226 2226 1
2522 2522 1
3147 3147 1
2665 2665 1
1897 1897 1
2752 2752 1
3586 3586 1
2585 2585 1
2549 2549 1
2686 2686 1
2035 2035 1
2776 2776 1
3451 3451 1
2284 2284 1
1753 1753 1
1638 1638 1
1844 1844 1
2365 2365 1
2232 2232 1
 
3032 3032 1
1393 1393 1
3875 3875 1
3656 3656 1
1613 1613 1
2263 2263 1
2286 2286 1
2370 2370 1
2542 2542 1
2392 2392 1
1699 1699 1
1928 1928 1
2564 2564 1
2629 2629 1
2340 2340 1
1812 1812 1
2128 2128 1
1823 1823 1
1968 1968 1
1177 1177 1
1736 1736 1
1716 1716 1
2199 2199 1
1939 1939 1
2150 2150 1
 
1773 1773 1
5069 5070 0
3053 3053 1
2016 2016 1
3254 3254 1
2201 2201 1
4490 4490 1
3043 3043 1
4009 4009 1
2110 2110 1
1704 1704 1
2473 2473 1
2550 2550 1
2241 2241 1
2117 2117 1
4330 4330 1
2959 2959 1
2196 2196 1
3633 3633 1
4221 4221 1
2374 2374 1
1876 1876 1
1751 1751 1
1484 1484 1
1880 1880 1
 
2925 2925 1
1474 1474 1
3303 3303 1
2729 2729 1
2728 2728 1
2253 2253 1
2262 2262 1
2154 2154 1
2997 2997 1
3224 3224 1
2827 2827 1
2443 2443 1
2781 2781 1
3164 3164 1
2183 2183 1
2384 2384 1
1901 1901 1
2899 2899 1
1471 1471 1
2546 2546 1
2605 2605 1
2383 2383 1
2913 2913 1
3020 3020 1
1846 1846 1
 
2689 2689 1
2671 2671 1
2703 2703 1
2368 2368 1
3133 3133 1
2734 2734 1
3730 3730 1
3460 3460 1
2956 2956 1
3682 3682 1
3214 3214 1
4436 4436 1
2571 2571 1
3705 3705 1
2621 2621 1
3774 3774 1
1947 1947 1
2654 2654 1
3533 3533 1
2412 2412 1
2606 2606 1
2945 2945 1
3740 3748 0
3133 3133 1
2491 2491 1
 
2733 2733 1
3056 3056 1
5437 5437 1
1875 1875 1
2995 2995 1
3325 3325 1
3779 3779 1
4702 4702 1
2663 2663 1
4011 4011 1
3268 3268 1
2568 2568 1
2696 2696 1
3750 3750 1
3615 3615 1
2648 2648 1
3400 3400 1
2710 2710 1
2761 2761 1
4110 4110 1
2811 2811 1
4009 4009 1
3000 3000 1
2936 2936 1
3076 3076 1
 
3733 3733 1
2919 2919 1
3389 3389 1
3456 3456 1
1853 1853 1
2735 2738 0
2848 2848 1
3088 3088 1
5172 5172 1
4384 4384 1
3902 3903 0
4065 4065 1
3629 3629 1
3690 3690 1
2869 2869 1
3785 3787 0
3938 3938 1
4219 4219 1
2679 2679 1
3757 3757 1
3844 3844 1
3799 3799 1
2113 2113 1
2991 2991 1
4953 4953 1
 
2681 2681 1
3891 3892 0
5972 5972 1
2627 2627 1
2663 2664 0
3813 3818 0
3558 3558 1
3122 3122 1
3484 3484 1
3263 3263 1
3028 3028 1
5229 5231 0
4672 4676 0
3277 3277 1
3671 3671 1
4443 4445 0
3323 3323 1
3076 3076 1
5725 5726 0
3419 3419 1
3469 3469 1
3547 3547 1
3173 3173 1
2830 2830 1
2501 2501 1
 
3409 3409 1
2769 2769 1
3262 3262 1
5241 5242 0
4412 4423 0
3857 3858 0
2664 2664 1
3827 3827 1
3404 3404 1
3615 3615 1
3102 3102 1
3005 3005 1
3889 3897 0
3232 3246 0
4130 4136 0
3505 3505 1
3675 3676 0
3531 3531 1
3031 3032 0
3801 3801 1
3549 3549 1
3549 3550 0
3775 3775 1
5464 5490 0
4247 4249 0
 
3949 3951 0
3326 3326 1
3346 3347 0
2739 2739 1
4463 4463 1
6418 6419 0
4334 4348 0
3467 3467 1
3840 3840 1
4800 4800 1
3046 3051 0
3134 3134 1
4614 4614 1
5231 5248 0
5398 5415 0
4204 4231 0
3931 3931 1
5757 5757 1
4022 4022 1
3991 3991 1
4155 4155 1
3890 3891 0
4675 4679 0
4530 4531 0
3467 3467 1
 
4358 4415 0
3889 3896 0
3581 3584 0
3447 3448 0
4878 4879 0
4525 4574 0
5924 5938 0
4815 4815 1
3017 3022 0
4097 4151 0
4715 4729 0
4269 4293 0
3857 3857 1
4621 4642 0
3485 3485 1
3892 3898 0
4346 4405 0
4953 4976 0
5288 5288 1
4182 4182 1
5704 5705 0
4129 4142 0
4106 4106 1
4753 4781 0
5051 5136 0
 
4048 4077 0
3881 3909 0
3502 3547 0
5288 5358 0
3235 3329 0
3654 3699 0
3263 3286 0
3766 3808 0
5823 5945 0
4098 4103 0
4376 4401 0
4424 4501 0
4272 4376 0
3899 3948 0
3670 3686 0
4447 4500 0
4421 4476 0
4705 4735 0
5833 5904 0
4527 4634 0
3240 3266 0
4442 4467 0
4025 4112 0
3957 3996 0
4640 4675 0
 
539 5757 0
582 5515 0
378 4709 0
419 4695 0
469 4201 0
436 4702 0
523 4943 0
477 4487 0
370 3708 0
492 4865 0
558 5232 0
341 3347 0
455 4653 0
462 4761 0
491 6122 0
410 5138 0
482 5037 0
367 3743 0
455 3725 0
549 4777 0
486 4494 0
388 4024 0
486 4741 0
525 6312 0
364 4028 0
 
253 3472 0
275 3809 0
196 3480 0
149 3324 0
294 4130 0
228 3618 0
204 2925 0
246 3523 0
272 4378 0
277 3363 0
326 4411 0
269 4182 0
258 4151 0
222 3770 0
236 3547 0
252 3587 0
249 3715 0
167 3192 0
280 3617 0
221 3236 0
210 3698 0
306 3957 0
312 3495 0
230 3736 0
240 4021 0
 
===
