273 273 1
457 457 1
109 109 1
503 503 1
387 387 1
122 122 1
161 161 1
207 207 1
123 123 1
123 123 1
136 136 1
373 373 1
188 188 1
453 453 1
669 669 1
336 336 1
306 306 1
112 112 1
220 220 1
184 184 1
772 772 1
278 278 1
912 912 1
360 360 1
634 634 1
 
537 537 1
349 349 1
247 247 1
382 382 1
734 734 1
1175 1175 1
498 498 1
264 264 1
285 285 1
226 226 1
459 459 1
228 228 1
1446 1446 1
617 617 1
1256 1256 1
411 411 1
559 559 1
646 646 1
1367 1367 1
272 272 1
211 211 1
445 445 1
292 292 1
756 756 1
350 350 1
 
937 937 1
421 421 1
577 577 1
509 509 1
612 612 1
409 409 1
1313 1313 1
720 720 1
547 547 1
557 557 1
473 473 1
639 639 1
882 882 1
514 514 1
380 380 1
288 288 1
534 534 1
621 621 1
1280 1280 1
401 401 1
384 384 1
1192 1192 1
292 292 1
763 763 1
1626 1626 1
 
1367 1367 1
567 567 1
530 530 1
570 570 1
624 624 1
1659 1659 1
1306 1306 1
706 706 1
889 889 1
653 653 1
971 971 1
1750 1750 1
611 611 1
1394 1394 1
453 453 1
820 820 1
419 419 1
617 617 1
799 799 1
1219 1219 1
817 817 1
1061 1061 1
959 959 1
1713 1713 1
850 850 1
 
690 690 1
2545 2545 1
1121 1121 1
769 769 1
982 982 1
517 517 1
1829 1829 1
1017 1017 1
1884 1884 1
1308 1308 1
2443 2443 1
1083 1083 1
2062 2062 1
876 876 1
1991 1991 1
1163 1163 1
1477 1477 1
1007 1007 1
716 716 1
864 864 1
1262 1262 1
791 791 1
1103 1103 1
1013 1013 1
1850 1850 1
 
1140 1140 1
1681 1681 1
1215 1215 1
559 559 1
1580 1580 1
2090 2090 1
1125 1125 1
1661 1661 1
1257 1257 1
1814 1814 1
1269 1269 1
839 839 1
962 962 1
2247 2247 1
1425 1425 1
892 892 1
1322 1322 1
623 623 1
1309 1309 1
1289 1289 1
906 906 1
1259 1259 1
1122 1122 1
1369 1369 1
1445 1445 1
 
755 755 1
1271 1271 1
2001 2001 1
1746 1746 1
1236 1236 1
1516 1516 1
1974 1974 1
2110 2110 1
1109 1109 1
2007 2007 1
2682 2682 1
834 834 1
1554 1554 1
1750 1750 1
1110 1110 1
3053 3053 1
2121 2121 1
1459 1459 1
2012 2012 1
1957 1957 1
2621 2621 1
1823 1823 1
1137 1137 1
1454 1454 1
1865 1865 1
 
1404 1404 1
2345 2345 1
3316 3316 1
1832 1832 1
1515 1515 1
2245 2245 1
2219 2219 1
1806 1806 1
893 893 1
1678 1678 1
1238 1238 1
3049 3049 1
2164 2164 1
2179 2179 1
1690 1690 1
2086 2086 1
2520 2520 1
1265 1265 1
2307 2307 1
1003 1003 1
1571 1571 1
2458 2458 1
1171 1171 1
1499 1499 1
1767 1767 1
 
1368 1368 1
1763 1763 1
1338 1338 1
2604 2604 1
2265 2265 1
1880 1880 1
1575 1575 1
1310 1310 1
1905 1905 1
2686 2686 1
1684 1684 1
2324 2324 1
1703 1703 1
1408 1408 1
1405 1405 1
2254 2254 1
1642 1642 1
2504 2504 1
1905 1905 1
2069 2069 1
1895 1895 1
2865 2865 1
1366 1366 1
2238 2238 1
3124 3124 1
 
1900 1900 1
2050 2050 1
2638 2638 1
2365 2365 1
2842 2842 1
1729 1729 1
2224 2224 1
2525 2525 1
3147 3147 1
2662 2662 1
1895 1895 1
2752 2752 1
3582 3582 1
2586 2586 1
2550 2550 1
2690 2690 1
2028 2028 1
2777 2777 1
3452 3452 1
2286 2286 1
1752 1752 1
1638 1638 1
1842 1842 1
2366 2366 1
2234 2234 1
 
3030 3030 1
1393 1393 1
3875 3875 1
3656 3656 1
1612 1612 1
2262 2262 1
2286 2286 1
2372 2372 1
2540 2540 1
2391 2391 1
1698 1698 1
1931 1931 1
2567 2567 1
2629 2629 1
2338 2338 1
1809 1809 1
2127 2127 1
1820 1820 1
1968 1968 1
1179 1179 1
1736 1736 1
1717 1717 1
2199 2199 1
1940 1940 1
2150 2150 1
 
1769 1769 1
5071 5071 1
3054 3054 1
2018 2018 1
3256 3256 1
2204 2204 1
4491 4491 1
3044 3044 1
4008 4008 1
2111 2111 1
1701 1701 1
2473 2473 1
2552 2552 1
2240 2240 1
2117 2117 1
4329 4329 1
2955 2955 1
2476 2476 1
3997 3997 1
3852 3852 1
2346 2346 1
1793 1793 1
1631 1631 1
1480 1480 1
1887 1887 1
 
2838 2838 1
1484 1484 1
3316 3316 1
2721 2721 1
2734 2734 1
2249 2249 1
2255 2255 1
2145 2145 1
3010 3010 1
3234 3234 1
2812 2812 1
2437 2437 1
2777 2777 1
3158 3158 1
2154 2154 1
2390 2390 1
1892 1892 1
2670 2670 1
1474 1474 1
2547 2547 1
2600 2600 1
2379 2379 1
2922 2922 1
3018 3018 1
1838 1838 1
 
2683 2683 1
2669 2669 1
2696 2696 1
2364 2364 1
3137 3137 1
2724 2724 1
3734 3734 1
3465 3465 1
2944 2944 1
3675 3675 1
3215 3215 1
4437 4437 1
2567 2567 1
3702 3702 1
2604 2604 1
3776 3776 1
1944 1944 1
2641 2641 1
3532 3532 1
2410 2410 1
2610 2610 1
2942 2942 1
3726 3728 0
3142 3142 1
2493 2493 1
 
2730 2730 1
3053 3053 1
5463 5463 1
1876 1876 1
2992 2992 1
3327 3327 1
3782 3782 1
4699 4699 1
2663 2663 1
4013 4013 1
3261 3261 1
2570 2570 1
2693 2693 1
3749 3749 1
3613 3613 1
2645 2645 1
3404 3404 1
2704 2704 1
2762 2764 0
4112 4112 1
2810 2810 1
4008 4008 1
2996 2996 1
2937 2937 1
3079 3079 1
 
3715 3715 1
2918 2918 1
3392 3392 1
3458 3458 1
1855 1855 1
2737 2737 1
2846 2846 1
3084 3084 1
5175 5175 1
4386 4386 1
3903 3904 0
4068 4068 1
3633 3633 1
3690 3690 1
2866 2866 1
3783 3783 1
3934 3934 1
4221 4221 1
2679 2679 1
3760 3760 1
3849 3849 1
3800 3800 1
2117 2117 1
2989 2989 1
4952 4952 1
 
2682 2682 1
3898 3898 1
5968 5968 1
2627 2627 1
2666 2666 1
3816 3816 1
3560 3560 1
3120 3120 1
3499 3499 1
3261 3261 1
3019 3019 1
5231 5231 1
4676 4676 1
3278 3278 1
3672 3672 1
4440 4440 1
3323 3323 1
3076 3076 1
5727 5727 1
3413 3413 1
3471 3471 1
3556 3556 1
3175 3175 1
2832 2832 1
2502 2502 1
 
3409 3409 1
2766 2766 1
3258 3258 1
5244 5244 1
4420 4429 0
3861 3861 1
2663 2663 1
3823 3823 1
3400 3400 1
3608 3608 1
3102 3102 1
3009 3009 1
3898 3901 0
3241 3248 0
4137 4137 1
3503 3503 1
3675 3675 1
3530 3530 1
3031 3031 1
3804 3804 1
3548 3548 1
3552 3552 1
3778 3778 1
5494 5495 0
4249 4249 1
 
3954 3954 1
3327 3327 1
3343 3343 1
3372 3372 1
4229 4229 1
6079 6079 1
3836 3837 0
3444 3444 1
3802 3802 1
4760 4760 1
3057 3057 1
3146 3146 1
4624 4624 1
5276 5279 0
5422 5423 0
4233 4237 0
3618 3618 1
5781 5781 1
4007 4007 1
3983 3983 1
4152 4152 1
3885 3885 1
4690 4690 1
4507 4507 1
3469 3469 1
 
4414 4429 0
3891 3891 1
3584 3584 1
3431 3431 1
4875 4875 1
4580 4587 0
5930 5935 0
4802 4802 1
3023 3023 1
4142 4157 0
4760 4763 0
4296 4311 0
3852 3852 1
4648 4650 0
3475 3475 1
3881 3881 1
4377 4390 0
4970 4972 0
5218 5218 1
4194 4194 1
5698 5699 0
4139 4140 0
4100 4100 1
4775 4780 0
5122 5129 0
 
4073 4075 0
3907 3909 0
3543 3545 0
5351 5354 0
3323 3329 0
3692 3698 0
3289 3290 0
3811 3812 0
5932 5947 0
4109 4109 1
4391 4397 0
4495 4498 0
4366 4369 0
3950 3955 0
3679 3681 0
4501 4501 1
4479 4481 0
4729 4729 1
5901 5902 0
4622 4632 0
3264 3264 1
4474 4475 0
4097 4103 0
3994 3996 0
4679 4680 0
 
1002 6296 0
1195 6021 0
911 5235 0
851 4865 0
982 4455 0
793 5137 0
1092 5102 0
1023 4564 0
736 3747 0
1090 5326 0
1095 5477 0
763 3349 0
909 4740 0
968 4961 0
884 6823 0
957 5148 0
963 5675 0
751 3991 0
935 3833 0
1053 4965 0
989 4548 0
842 4023 0
895 4728 0
1094 7394 0
761 4027 0
 
322 3678 0
370 4393 0
270 3811 0
186 3486 0
381 4934 0
283 4132 0
251 3116 0
308 3880 0
362 5079 0
342 3721 0
430 4963 0
351 4924 0
344 4706 0
282 4114 0
294 3980 0
338 3909 0
329 3922 0
209 3363 0
342 4151 0
285 3503 0
275 3891 0
380 4557 0
407 3872 0
305 4112 0
329 4582 0
 
===
