873 873 1
936 936 1
1113 1113 1
815 815 1
1212 1212 1
649 649 1
1842 1842 1
773 773 1
1687 1687 1
960 960 1
987 987 1
985 985 1
1808 1808 1
1577 1577 1
674 674 1
849 849 1
984 984 1
649 649 1
1054 1054 1
847 847 1
1039 1039 1
1071 1071 1
1071 1071 1
828 828 1
562 562 1
 
2690 2690 1
1629 1629 1
1974 1974 1
1763 1763 1
2505 2505 1
2928 2928 1
2588 2588 1
3096 3096 1
2259 2259 1
1653 1653 1
2187 2187 1
1781 1781 1
1185 1185 1
1371 1371 1
1087 1087 1
1386 1386 1
1589 1589 1
1791 1791 1
2418 2418 1
1890 1890 1
2277 2277 1
2061 2061 1
3742 3742 1
1711 1711 1
1633 1633 1
 
4162 4162 1
4196 4196 1
3392 3392 1
4209 4209 1
4133 4133 1
2547 2547 1
3264 3264 1
3618 3618 1
6013 6013 1
2597 2597 1
2776 2776 1
3368 3368 1
2947 2947 1
4743 4743 1
2294 2294 1
2281 2281 1
3567 3567 1
3746 3746 1
4869 4869 1
3697 3697 1
2978 2978 1
3037 3037 1
2576 2576 1
2544 2544 1
5231 5231 1
 
2846 2846 1
3401 3401 1
5176 5176 1
3550 3550 1
4258 4258 1
3054 3054 1
4940 4940 1
3729 3729 1
4254 4254 1
3491 3491 1
4683 4683 1
4668 4668 1
3824 3824 1
6204 6204 1
4097 4097 1
3519 3519 1
3586 3586 1
4728 4728 1
6231 6231 1
5719 5719 1
4032 4032 1
7824 7824 1
3869 3869 1
3627 3627 1
3659 3659 1
 
4517 4517 1
5138 5138 1
4134 4134 1
7237 7237 1
4897 4897 1
4265 4265 1
6007 6007 1
5937 5937 1
4752 4752 1
4215 4215 1
3720 3720 1
4323 4323 1
6603 6603 1
5687 5687 1
5271 5271 1
5454 5454 1
4974 4974 1
5223 5223 1
6242 6242 1
5201 5201 1
3989 3989 1
6058 6058 1
4992 4992 1
4616 4616 1
5071 5071 1
 
6064 6064 1
4537 4537 1
5384 5384 1
6838 6838 1
6326 6326 1
5386 5386 1
7835 7835 1
4459 4459 1
5670 5670 1
5915 5915 1
4358 4358 1
3856 3856 1
6382 6382 1
6280 6280 1
6981 6981 1
6093 6093 1
4967 4967 1
6160 6160 1
5359 5359 1
5037 5037 1
5309 5309 1
8052 8052 1
6887 6887 1
5443 5443 1
4679 4679 1
 
6904 6904 1
6360 6360 1
7322 7322 1
6455 6455 1
7644 7644 1
8488 8488 1
6949 6949 1
10784 10784 1
9352 9352 1
9890 9890 1
6896 6896 1
6453 6453 1
7546 7546 1
7362 7362 1
4756 4756 1
8169 8169 1
9372 9372 1
6895 6895 1
7778 7778 1
8388 8388 1
8142 8142 1
8553 8553 1
9563 9563 1
5627 5627 1
7775 7775 1
 
5934 5934 1
10918 10918 1
8987 8987 1
7418 7418 1
7267 7267 1
7131 7131 1
9031 9031 1
8953 8953 1
8916 8916 1
9931 9931 1
6327 6327 1
9958 9958 1
8243 8243 1
8767 8767 1
7241 7241 1
8086 8086 1
8452 8452 1
9635 9635 1
10605 10605 1
8963 8963 1
6883 6883 1
8150 8150 1
8607 8607 1
8961 8961 1
6496 6496 1
 
9941 9941 1
8601 8601 1
8350 8350 1
10202 10202 1
9002 9002 1
8254 8254 1
7683 7683 1
10300 10300 1
8140 8140 1
11196 11196 1
11533 11533 1
9772 9772 1
9235 9235 1
11513 11513 1
10020 10020 1
9627 9627 1
9377 9377 1
8995 8995 1
15791 15791 1
14457 14457 1
8569 8569 1
8495 8495 1
8768 8768 1
8547 8547 1
9405 9405 1
 
13000 13000 1
11299 11299 1
9400 9400 1
13233 13233 1
10469 10469 1
13590 13590 1
10742 10742 1
10837 10837 1
11942 11942 1
9560 9560 1
12586 12586 1
12970 12970 1
9123 9123 1
12379 12379 1
9009 9009 1
12736 12736 1
9667 9667 1
10730 10730 1
11110 11110 1
10001 10001 1
9662 9662 1
11906 11906 1
10370 10370 1
12847 12847 1
9049 9049 1
 
12230 12230 1
15958 15958 1
12340 12340 1
12204 12204 1
10950 10950 1
13715 13715 1
10433 10433 1
14558 14558 1
10369 10369 1
10945 10945 1
15171 15171 1
15140 15140 1
10293 10293 1
12954 12954 1
10960 10960 1
12424 12424 1
10995 10995 1
10873 10873 1
11895 11895 1
9239 9239 1
13260 13260 1
9634 9634 1
12727 12727 1
10320 10320 1
11546 11546 1
 
17887 17887 1
13766 13766 1
15002 15002 1
13007 13007 1
16707 16707 1
16171 16171 1
13924 13924 1
11955 11955 1
12216 12216 1
15149 15149 1
12654 12654 1
11933 11933 1
12796 12796 1
12833 12833 1
10880 10880 1
13304 13304 1
14784 14784 1
13293 13293 1
17430 17430 1
10369 10369 1
11229 11229 1
13376 13376 1
13487 13487 1
11214 11214 1
11737 11737 1
 
13757 13757 1
14030 14030 1
14331 14331 1
14348 14348 1
13719 13719 1
12320 12320 1
13457 13457 1
13465 13465 1
11610 11610 1
14161 14161 1
17702 17702 1
10128 10128 1
15088 15088 1
17264 17264 1
14513 14513 1
16504 16504 1
12530 12530 1
14554 14554 1
10666 10666 1
15135 15135 1
12935 12935 1
14475 14475 1
19964 19964 1
16037 16037 1
12441 12441 1
 
15654 15654 1
13924 13924 1
15721 15721 1
16385 16385 1
17734 17734 1
18949 18949 1
15072 15072 1
13567 13567 1
13779 13779 1
20234 20234 1
14442 14442 1
14886 14886 1
15755 15755 1
13740 13740 1
14164 14164 1
16838 16838 1
15886 15886 1
15778 15778 1
13648 13648 1
16005 16005 1
17218 17218 1
16331 16331 1
17752 17752 1
14394 14394 1
13575 13575 1
 
15529 15530 0
19348 19348 1
16968 16968 1
14888 14889 0
16003 16003 1
15536 15537 0
13939 13939 1
16596 16596 1
16323 16323 1
14979 14979 1
18071 18071 1
17289 17289 1
16688 16688 1
23255 23255 1
12947 12947 1
14480 14480 1
16701 16701 1
16904 16904 1
15850 15851 0
13377 13377 1
18600 18600 1
14224 14224 1
19162 19162 1
14936 14937 0
13193 13193 1
 
16941 16941 1
17063 17063 1
14912 14912 1
15922 15922 1
20506 20506 1
16591 16591 1
21560 21560 1
18871 18871 1
18180 18180 1
15122 15122 1
16836 16836 1
15457 15457 1
16449 16449 1
14935 14935 1
15298 15298 1
18444 18444 1
16898 16898 1
16063 16063 1
16313 16313 1
16675 16675 1
17966 17967 0
16783 16783 1
16380 16380 1
19263 19264 0
18925 18925 1
 
24576 24576 1
23226 23226 1
21771 21771 1
15782 15782 1
18617 18617 1
15923 15923 1
20286 20286 1
16914 16914 1
16845 16845 1
22613 22613 1
17290 17290 1
23612 23612 1
18414 18414 1
19695 19695 1
17422 17422 1
22961 22962 0
17807 17807 1
17131 17131 1
19112 19114 0
21586 21586 1
17267 17267 1
18527 18527 1
18782 18782 1
19003 19004 0
18198 18200 0
 
15723 15723 1
18497 18497 1
16322 16323 0
19966 19966 1
16401 16402 0
16948 16948 1
20918 20918 1
21106 21107 0
17604 17604 1
17623 17623 1
18695 18695 1
16567 16567 1
27112 27112 1
21959 21960 0
23377 23377 1
24549 24549 1
19206 19206 1
21649 21650 0
22425 22425 1
22777 22777 1
20725 20726 0
20940 20940 1
19896 19896 1
18409 18409 1
20224 20224 1
 
18936 18936 1
21250 21250 1
17132 17132 1
20462 20464 0
16231 16231 1
22628 22629 0
19330 19331 0
19857 19858 0
20932 20932 1
19644 19645 0
21218 21219 0
22318 22319 0
23401 23402 0
21282 21282 1
22148 22149 0
20477 20477 1
17948 17948 1
17374 17374 1
41891 41891 1
25339 25342 0
20285 20285 1
24625 24627 0
23569 23569 1
18140 18140 1
20832 20833 0
 
25663 25666 0
23480 23481 0
23741 23742 0
21179 21179 1
21487 21488 0
19227 19230 0
21287 21288 0
19196 19198 0
22828 22830 0
21966 21966 1
17908 17909 0
25882 25885 0
23040 23044 0
21979 21979 1
19319 19319 1
21318 21318 1
21061 21061 1
21917 21917 1
21689 21691 0
21263 21264 0
18352 18353 0
24092 24093 0
17177 17177 1
36899 36899 1
22371 22371 1
 
20452 23856 0
18206 23925 0
17106 21775 0
21817 23112 0
16539 28419 0
19833 20988 0
18108 21713 0
14514 26021 0
14901 23787 0
17837 22446 0
16062 21340 0
18152 20302 0
18403 24350 0
15719 25269 0
15672 20975 0
17335 21736 0
14912 21319 0
12878 26563 0
18054 18078 0
18874 22887 0
16347 22475 0
16918 23807 0
18621 22054 0
19735 21381 0
13338 24448 0
 
2060 17868 0
2006 18884 0
3431 27782 0
2156 20405 0
2534 26027 0
2970 27206 0
2754 26164 0
2343 23196 0
2201 21226 0
2815 24827 0
2006 18484 0
2533 23041 0
2098 20007 0
2476 22652 0
2206 19919 0
2251 19716 0
2002 18652 0
2085 19836 0
2237 19629 0
2308 22899 0
2309 21656 0
1953 18879 0
2179 19928 0
2483 21836 0
2271 23170 0
 
1206 15586 0
1190 15906 0
1352 16510 0
1499 17623 0
2526 34841 0
1435 17592 0
1354 18298 0
1449 18633 0
1448 18319 0
1440 19411 0
1631 19562 0
1401 18959 0
1212 16922 0
1509 17538 0
1554 17347 0
1354 18466 0
1322 16602 0
1405 17438 0
1240 17005 0
1255 16825 0
1177 16502 0
1418 18877 0
1313 17638 0
1171 14850 0
1308 17475 0
 
===
