# Task,   Job,     Period,   Response, DL Miss?,   Lateness,  Tardiness
# task NAME=myapp PID=13031 COST=1000000 PERIOD=1250000 CPU=0
 13031,     2,    1250000,      11921,        0,   -1238079,          0
 13031,     3,    1250000,      47137,        0,   -1202863,          0
 13031,     4,    1250000,     911312,        0,    -338688,          0
 13031,     5,    1250000,     969612,        0,    -280388,          0
 13031,     6,    1250000,     911406,        0,    -338594,          0
 13031,     7,    1250000,     942684,        0,    -307316,          0
 13031,     8,    1250000,     916869,        0,    -333131,          0
 13031,     9,    1250000,     932914,        0,    -317086,          0
 13031,    10,    1250000,     954985,        0,    -295015,          0
 13031,    11,    1250000,     933040,        0,    -316960,          0
 13031,    12,    1250000,     951562,        0,    -298438,          0
 13031,    13,    1250000,     932593,        0,    -317407,          0
 13031,    14,    1250000,     949126,        0,    -300874,          0
 13031,    15,    1250000,     951598,        0,    -298402,          0
 13031,    16,    1250000,     929613,        0,    -320387,          0
 13031,    17,    1250000,     927658,        0,    -322342,          0
 13031,    18,    1250000,     926485,        0,    -323515,          0
 13031,    19,    1250000,     935204,        0,    -314796,          0
 13031,    20,    1250000,     926178,        0,    -323822,          0
 13031,    21,    1250000,     959249,        0,    -290751,          0
 13031,    22,    1250000,     914709,        0,    -335291,          0
 13031,    23,    1250000,     914750,        0,    -335250,          0
 13031,    24,    1250000,     958248,        0,    -291752,          0
 13031,    25,    1250000,    1009010,        0,    -240990,          0
 13031,    26,    1250000,     918599,        0,    -331401,          0
 13031,    27,    1250000,     946192,        0,    -303808,          0
 13031,    28,    1250000,     917320,        0,    -332680,          0
 13031,    29,    1250000,     933756,        0,    -316244,          0
 13031,    30,    1250000,     937698,        0,    -312302,          0
 13031,    31,    1250000,     912933,        0,    -337067,          0
 13031,    32,    1250000,    1000931,        0,    -249069,          0
 13031,    33,    1250000,     936582,        0,    -313418,          0
 13031,    34,    1250000,     997423,        0,    -252577,          0
 13031,    35,    1250000,     978894,        0,    -271106,          0
 13031,    36,    1250000,     942378,        0,    -307622,          0
 13031,    37,    1250000,    1010650,        0,    -239350,          0
 13031,    38,    1250000,     926110,        0,    -323890,          0
 13031,    39,    1250000,     973397,        0,    -276603,          0
 13031,    40,    1250000,     941280,        0,    -308720,          0
 13031,    41,    1250000,     929293,        0,    -320707,          0
 13031,    42,    1250000,     961973,        0,    -288027,          0
 13031,    43,    1250000,     919504,        0,    -330496,          0
 13031,    44,    1250000,     938904,        0,    -311096,          0
 13031,    45,    1250000,     968540,        0,    -281460,          0
 13031,    46,    1250000,    1049057,        0,    -200943,          0
 13031,    47,    1250000,     948594,        0,    -301406,          0
 13031,    48,    1250000,     975724,        0,    -274276,          0
 13031,    49,    1250000,     918807,        0,    -331193,          0
 13031,    50,    1250000,    1183798,        0,     -66202,          0
 13031,    51,    1250000,     915607,        0,    -334393,          0
 13031,    52,    1250000,     927623,        0,    -322377,          0
 13031,    53,    1250000,     941061,        0,    -308939,          0
 13031,    54,    1250000,     927934,        0,    -322066,          0
 13031,    55,    1250000,     946650,        0,    -303350,          0
 13031,    56,    1250000,     948803,        0,    -301197,          0
 13031,    57,    1250000,     944847,        0,    -305153,          0
 13031,    58,    1250000,     986049,        0,    -263951,          0
 13031,    59,    1250000,     933063,        0,    -316937,          0
 13031,    60,    1250000,     928937,        0,    -321063,          0
 13031,    61,    1250000,     961883,        0,    -288117,          0
 13031,    62,    1250000,     920290,        0,    -329710,          0
 13031,    63,    1250000,     928064,        0,    -321936,          0
 13031,    64,    1250000,    1001607,        0,    -248393,          0
 13031,    65,    1250000,     915149,        0,    -334851,          0
 13031,    66,    1250000,     955412,        0,    -294588,          0
 13031,    67,    1250000,     940050,        0,    -309950,          0
 13031,    68,    1250000,     922388,        0,    -327612,          0
 13031,    69,    1250000,     989643,        0,    -260357,          0
 13031,    70,    1250000,     992680,        0,    -257320,          0
 13031,    71,    1250000,     996619,        0,    -253381,          0
 13031,    72,    1250000,     943435,        0,    -306565,          0
 13031,    73,    1250000,     943615,        0,    -306385,          0
 13031,    74,    1250000,     961295,        0,    -288705,          0
 13031,    75,    1250000,     948963,        0,    -301037,          0
 13031,    76,    1250000,     980670,        0,    -269330,          0
 13031,    77,    1250000,     946479,        0,    -303521,          0
 13031,    78,    1250000,     994820,        0,    -255180,          0
 13031,    79,    1250000,     966586,        0,    -283414,          0
 13031,    80,    1250000,     976197,        0,    -273803,          0
 13031,    81,    1250000,     905960,        0,    -344040,          0
 13031,    82,    1250000,     975531,        0,    -274469,          0
 13031,    83,    1250000,     954796,        0,    -295204,          0
 13031,    84,    1250000,     961862,        0,    -288138,          0
 13031,    85,    1250000,     976459,        0,    -273541,          0
 13031,    86,    1250000,     947748,        0,    -302252,          0
 13031,    87,    1250000,     913338,        0,    -336662,          0
 13031,    88,    1250000,     912983,        0,    -337017,          0
 13031,    89,    1250000,     974134,        0,    -275866,          0
 13031,    90,    1250000,    1027585,        0,    -222415,          0
 13031,    91,    1250000,     927758,        0,    -322242,          0
 13031,    92,    1250000,     939632,        0,    -310368,          0
 13031,    93,    1250000,     930474,        0,    -319526,          0
 13031,    94,    1250000,     962993,        0,    -287007,          0
 13031,    95,    1250000,     949571,        0,    -300429,          0
 13031,    96,    1250000,     925481,        0,    -324519,          0
 13031,    97,    1250000,     955222,        0,    -294778,          0
 13031,    98,    1250000,    1039183,        0,    -210817,          0
 13031,    99,    1250000,     945498,        0,    -304502,          0
 13031,   100,    1250000,     949307,        0,    -300693,          0
 13031,   101,    1250000,     946661,        0,    -303339,          0
 13031,   102,    1250000,    1161691,        0,     -88309,          0
 13031,   103,    1250000,     939595,        0,    -310405,          0
 13031,   104,    1250000,     950918,        0,    -299082,          0
 13031,   105,    1250000,     939485,        0,    -310515,          0
 13031,   106,    1250000,     949176,        0,    -300824,          0
 13031,   107,    1250000,     937490,        0,    -312510,          0
 13031,   108,    1250000,    1020473,        0,    -229527,          0
 13031,   109,    1250000,     910355,        0,    -339645,          0
 13031,   110,    1250000,     921168,        0,    -328832,          0
 13031,   111,    1250000,     908947,        0,    -341053,          0
 13031,   112,    1250000,     964519,        0,    -285481,          0
 13031,   113,    1250000,     933172,        0,    -316828,          0
 13031,   114,    1250000,     947400,        0,    -302600,          0
 13031,   115,    1250000,     921787,        0,    -328213,          0
 13031,   116,    1250000,     908276,        0,    -341724,          0
 13031,   117,    1250000,     963714,        0,    -286286,          0
 13031,   118,    1250000,     936946,        0,    -313054,          0
 13031,   119,    1250000,     944309,        0,    -305691,          0
 13031,   120,    1250000,     913394,        0,    -336606,          0
 13031,   121,    1250000,     920719,        0,    -329281,          0
 13031,   122,    1250000,     933553,        0,    -316447,          0
 13031,   123,    1250000,     923828,        0,    -326172,          0
 13031,   124,    1250000,     973191,        0,    -276809,          0
 13031,   125,    1250000,     970637,        0,    -279363,          0
 13031,   126,    1250000,     912509,        0,    -337491,          0
 13031,   127,    1250000,     908302,        0,    -341698,          0
 13031,   128,    1250000,     988166,        0,    -261834,          0
 13031,   129,    1250000,     955711,        0,    -294289,          0
 13031,   130,    1250000,     950115,        0,    -299885,          0
 13031,   131,    1250000,     986267,        0,    -263733,          0
 13031,   132,    1250000,     903787,        0,    -346213,          0
 13031,   133,    1250000,     948360,        0,    -301640,          0
 13031,   134,    1250000,     926462,        0,    -323538,          0
 13031,   135,    1250000,     910299,        0,    -339701,          0
 13031,   136,    1250000,     918260,        0,    -331740,          0
 13031,   137,    1250000,    1000030,        0,    -249970,          0
 13031,   138,    1250000,     929689,        0,    -320311,          0
 13031,   139,    1250000,     922538,        0,    -327462,          0
 13031,   140,    1250000,     940711,        0,    -309289,          0
 13031,   141,    1250000,     960874,        0,    -289126,          0
 13031,   142,    1250000,     938692,        0,    -311308,          0
 13031,   143,    1250000,     935524,        0,    -314476,          0
 13031,   144,    1250000,     957420,        0,    -292580,          0
 13031,   145,    1250000,     908682,        0,    -341318,          0
 13031,   146,    1250000,     941626,        0,    -308374,          0
 13031,   147,    1250000,     947664,        0,    -302336,          0
 13031,   148,    1250000,     932135,        0,    -317865,          0
 13031,   149,    1250000,     926934,        0,    -323066,          0
 13031,   150,    1250000,    1212773,        0,     -37227,          0
 13031,   151,    1250000,     918981,        0,    -331019,          0
 13031,   152,    1250000,     968101,        0,    -281899,          0
 13031,   153,    1250000,     907251,        0,    -342749,          0
 13031,   154,    1250000,     943041,        0,    -306959,          0
 13031,   155,    1250000,     935379,        0,    -314621,          0
 13031,   156,    1250000,     911735,        0,    -338265,          0
 13031,   157,    1250000,     955324,        0,    -294676,          0
 13031,   158,    1250000,     911335,        0,    -338665,          0
 13031,   159,    1250000,     981261,        0,    -268739,          0
 13031,   160,    1250000,     900575,        0,    -349425,          0
 13031,   161,    1250000,     936454,        0,    -313546,          0
 13031,   162,    1250000,     947075,        0,    -302925,          0
 13031,   163,    1250000,     946213,        0,    -303787,          0
 13031,   164,    1250000,     915889,        0,    -334111,          0
 13031,   165,    1250000,     943865,        0,    -306135,          0
 13031,   166,    1250000,     925700,        0,    -324300,          0
 13031,   167,    1250000,     993932,        0,    -256068,          0
 13031,   168,    1250000,     916921,        0,    -333079,          0
 13031,   169,    1250000,     975913,        0,    -274087,          0
 13031,   170,    1250000,     968809,        0,    -281191,          0
 13031,   171,    1250000,     930364,        0,    -319636,          0
 13031,   172,    1250000,     952567,        0,    -297433,          0
 13031,   173,    1250000,    1019495,        0,    -230505,          0
 13031,   174,    1250000,     913395,        0,    -336605,          0
 13031,   175,    1250000,     920418,        0,    -329582,          0
 13031,   176,    1250000,     909856,        0,    -340144,          0
 13031,   177,    1250000,     970298,        0,    -279702,          0
 13031,   178,    1250000,     949279,        0,    -300721,          0
 13031,   179,    1250000,     942636,        0,    -307364,          0
 13031,   180,    1250000,     936000,        0,    -314000,          0
 13031,   181,    1250000,     947757,        0,    -302243,          0
 13031,   182,    1250000,     905320,        0,    -344680,          0
 13031,   183,    1250000,     934838,        0,    -315162,          0
 13031,   184,    1250000,     957027,        0,    -292973,          0
 13031,   185,    1250000,     994189,        0,    -255811,          0
 13031,   186,    1250000,     921077,        0,    -328923,          0
 13031,   187,    1250000,     951425,        0,    -298575,          0
 13031,   188,    1250000,     952345,        0,    -297655,          0
 13031,   189,    1250000,     923642,        0,    -326358,          0
 13031,   190,    1250000,     979186,        0,    -270814,          0
 13031,   191,    1250000,     933213,        0,    -316787,          0
 13031,   192,    1250000,    1001539,        0,    -248461,          0
 13031,   193,    1250000,     955774,        0,    -294226,          0
 13031,   194,    1250000,     977892,        0,    -272108,          0
 13031,   195,    1250000,     919828,        0,    -330172,          0
 13031,   196,    1250000,     927671,        0,    -322329,          0
 13031,   197,    1250000,     968359,        0,    -281641,          0
 13031,   198,    1250000,     956120,        0,    -293880,          0
 13031,   199,    1250000,     922043,        0,    -327957,          0
 13031,   200,    1250000,     970145,        0,    -279855,          0
 13031,   201,    1250000,     933299,        0,    -316701,          0
 13031,   202,    1250000,     926857,        0,    -323143,          0
 13031,   203,    1250000,     945199,        0,    -304801,          0
 13031,   204,    1250000,     914626,        0,    -335374,          0
 13031,   205,    1250000,     922087,        0,    -327913,          0
 13031,   206,    1250000,     985265,        0,    -264735,          0
 13031,   207,    1250000,     906336,        0,    -343664,          0
 13031,   208,    1250000,     978076,        0,    -271924,          0
 13031,   209,    1250000,     927107,        0,    -322893,          0
 13031,   210,    1250000,     965690,        0,    -284310,          0
 13031,   211,    1250000,     952344,        0,    -297656,          0
 13031,   212,    1250000,     925925,        0,    -324075,          0
 13031,   213,    1250000,     948314,        0,    -301686,          0
 13031,   214,    1250000,     906853,        0,    -343147,          0
 13031,   215,    1250000,     922715,        0,    -327285,          0
 13031,   216,    1250000,     925177,        0,    -324823,          0
 13031,   217,    1250000,     971398,        0,    -278602,          0
 13031,   218,    1250000,     923560,        0,    -326440,          0
 13031,   219,    1250000,     930663,        0,    -319337,          0
 13031,   220,    1250000,    1002684,        0,    -247316,          0
 13031,   221,    1250000,     948665,        0,    -301335,          0
 13031,   222,    1250000,     925779,        0,    -324221,          0
 13031,   223,    1250000,    1044443,        0,    -205557,          0
 13031,   224,    1250000,     961485,        0,    -288515,          0
 13031,   225,    1250000,     927933,        0,    -322067,          0
 13031,   226,    1250000,     961066,        0,    -288934,          0
 13031,   227,    1250000,     922943,        0,    -327057,          0
 13031,   228,    1250000,     964923,        0,    -285077,          0
 13031,   229,    1250000,     981153,        0,    -268847,          0
 13031,   230,    1250000,     937200,        0,    -312800,          0
 13031,   231,    1250000,     932928,        0,    -317072,          0
 13031,   232,    1250000,     946897,        0,    -303103,          0
 13031,   233,    1250000,     961301,        0,    -288699,          0
 13031,   234,    1250000,     923846,        0,    -326154,          0
 13031,   235,    1250000,     905745,        0,    -344255,          0
 13031,   236,    1250000,     948159,        0,    -301841,          0
 13031,   237,    1250000,     930782,        0,    -319218,          0
 13031,   238,    1250000,     923903,        0,    -326097,          0
 13031,   239,    1250000,     968014,        0,    -281986,          0
 13031,   240,    1250000,     933498,        0,    -316502,          0
 13031,   241,    1250000,     913801,        0,    -336199,          0
 13031,   242,    1250000,    1003836,        0,    -246164,          0
 13031,   243,    1250000,     927342,        0,    -322658,          0
 13031,   244,    1250000,     959473,        0,    -290527,          0
 13031,   245,    1250000,     937819,        0,    -312181,          0
 13031,   246,    1250000,     943560,        0,    -306440,          0
 13031,   247,    1250000,     921065,        0,    -328935,          0
 13031,   248,    1250000,     927273,        0,    -322727,          0
 13031,   249,    1250000,     939598,        0,    -310402,          0
 13031,   250,    1250000,    1207462,        0,     -42538,          0
 13031,   251,    1250000,     939047,        0,    -310953,          0
 13031,   252,    1250000,     927375,        0,    -322625,          0
 13031,   253,    1250000,     965325,        0,    -284675,          0
 13031,   254,    1250000,     929824,        0,    -320176,          0
 13031,   255,    1250000,     962425,        0,    -287575,          0
 13031,   256,    1250000,     953809,        0,    -296191,          0
 13031,   257,    1250000,     939047,        0,    -310953,          0
 13031,   258,    1250000,     928733,        0,    -321267,          0
 13031,   259,    1250000,     908065,        0,    -341935,          0
 13031,   260,    1250000,     930382,        0,    -319618,          0
 13031,   261,    1250000,     944752,        0,    -305248,          0
 13031,   262,    1250000,     954423,        0,    -295577,          0
 13031,   263,    1250000,     920811,        0,    -329189,          0
 13031,   264,    1250000,     924632,        0,    -325368,          0
 13031,   265,    1250000,     969699,        0,    -280301,          0
 13031,   266,    1250000,    1013426,        0,    -236574,          0
 13031,   267,    1250000,     922378,        0,    -327622,          0
 13031,   268,    1250000,     938670,        0,    -311330,          0
 13031,   269,    1250000,     927285,        0,    -322715,          0
 13031,   270,    1250000,     953918,        0,    -296082,          0
 13031,   271,    1250000,     903570,        0,    -346430,          0
 13031,   272,    1250000,     920550,        0,    -329450,          0
 13031,   273,    1250000,     956482,        0,    -293518,          0
 13031,   274,    1250000,     914794,        0,    -335206,          0
 13031,   275,    1250000,     932350,        0,    -317650,          0
 13031,   276,    1250000,     951744,        0,    -298256,          0
 13031,   277,    1250000,     944755,        0,    -305245,          0
 13031,   278,    1250000,     917522,        0,    -332478,          0
 13031,   279,    1250000,     934218,        0,    -315782,          0
 13031,   280,    1250000,     994025,        0,    -255975,          0
 13031,   281,    1250000,     989779,        0,    -260221,          0
 13031,   282,    1250000,     914947,        0,    -335053,          0
 13031,   283,    1250000,     986615,        0,    -263385,          0
 13031,   284,    1250000,     981996,        0,    -268004,          0
 13031,   285,    1250000,     922611,        0,    -327389,          0
 13031,   286,    1250000,     922759,        0,    -327241,          0
 13031,   287,    1250000,     931119,        0,    -318881,          0
 13031,   288,    1250000,     919258,        0,    -330742,          0
 13031,   289,    1250000,     942172,        0,    -307828,          0
 13031,   290,    1250000,     933425,        0,    -316575,          0
 13031,   291,    1250000,     949501,        0,    -300499,          0
 13031,   292,    1250000,     922679,        0,    -327321,          0
 13031,   293,    1250000,     917483,        0,    -332517,          0
 13031,   294,    1250000,     923405,        0,    -326595,          0
 13031,   295,    1250000,     939485,        0,    -310515,          0
 13031,   296,    1250000,     958195,        0,    -291805,          0
 13031,   297,    1250000,     959340,        0,    -290660,          0
 13031,   298,    1250000,    1003356,        0,    -246644,          0
 13031,   299,    1250000,     925088,        0,    -324912,          0
 13031,   300,    1250000,     945737,        0,    -304263,          0
 13031,   301,    1250000,     943670,        0,    -306330,          0
 13031,   302,    1250000,     932571,        0,    -317429,          0
 13031,   303,    1250000,     921464,        0,    -328536,          0
 13031,   304,    1250000,     944102,        0,    -305898,          0
 13031,   305,    1250000,     949406,        0,    -300594,          0
 13031,   306,    1250000,     905227,        0,    -344773,          0
 13031,   307,    1250000,     946303,        0,    -303697,          0
 13031,   308,    1250000,     992717,        0,    -257283,          0
 13031,   309,    1250000,     990054,        0,    -259946,          0
 13031,   310,    1250000,     932828,        0,    -317172,          0
 13031,   311,    1250000,     919011,        0,    -330989,          0
 13031,   312,    1250000,     934664,        0,    -315336,          0
 13031,   313,    1250000,     987590,        0,    -262410,          0
 13031,   314,    1250000,     922952,        0,    -327048,          0
 13031,   315,    1250000,     928445,        0,    -321555,          0
 13031,   316,    1250000,     935758,        0,    -314242,          0
 13031,   317,    1250000,     960336,        0,    -289664,          0
 13031,   318,    1250000,     939977,        0,    -310023,          0
 13031,   319,    1250000,     946509,        0,    -303491,          0
 13031,   320,    1250000,     973218,        0,    -276782,          0
 13031,   321,    1250000,     941793,        0,    -308207,          0
 13031,   322,    1250000,     976028,        0,    -273972,          0
 13031,   323,    1250000,     925181,        0,    -324819,          0
 13031,   324,    1250000,     937647,        0,    -312353,          0
 13031,   325,    1250000,     923194,        0,    -326806,          0
 13031,   326,    1250000,     964169,        0,    -285831,          0
 13031,   327,    1250000,     981103,        0,    -268897,          0
 13031,   328,    1250000,     992065,        0,    -257935,          0
 13031,   329,    1250000,     954343,        0,    -295657,          0
 13031,   330,    1250000,     913103,        0,    -336897,          0
 13031,   331,    1250000,     916164,        0,    -333836,          0
 13031,   332,    1250000,     946767,        0,    -303233,          0
 13031,   333,    1250000,     967049,        0,    -282951,          0
 13031,   334,    1250000,     906106,        0,    -343894,          0
 13031,   335,    1250000,     929740,        0,    -320260,          0
 13031,   336,    1250000,     909217,        0,    -340783,          0
 13031,   337,    1250000,     973337,        0,    -276663,          0
 13031,   338,    1250000,     928675,        0,    -321325,          0
 13031,   339,    1250000,     915281,        0,    -334719,          0
 13031,   340,    1250000,     944670,        0,    -305330,          0
 13031,   341,    1250000,     931250,        0,    -318750,          0
 13031,   342,    1250000,     942003,        0,    -307997,          0
 13031,   343,    1250000,     918185,        0,    -331815,          0
 13031,   344,    1250000,     917627,        0,    -332373,          0
 13031,   345,    1250000,     962754,        0,    -287246,          0
 13031,   346,    1250000,     973141,        0,    -276859,          0
 13031,   347,    1250000,     907972,        0,    -342028,          0
 13031,   348,    1250000,     932760,        0,    -317240,          0
 13031,   349,    1250000,     947146,        0,    -302854,          0
 13031,   350,    1250000,    1265953,        1,      15953,      15953
 13031,   351,    1250000,     890970,        0,    -359030,          0
 13031,   352,    1250000,     923718,        0,    -326282,          0
 13031,   353,    1250000,     949140,        0,    -300860,          0
 13031,   354,    1250000,     918972,        0,    -331028,          0
 13031,   355,    1250000,     915071,        0,    -334929,          0
 13031,   356,    1250000,     908842,        0,    -341158,          0
 13031,   357,    1250000,     927612,        0,    -322388,          0
 13031,   358,    1250000,     952862,        0,    -297138,          0
 13031,   359,    1250000,     919641,        0,    -330359,          0
 13031,   360,    1250000,     934141,        0,    -315859,          0
 13031,   361,    1250000,     945797,        0,    -304203,          0
 13031,   362,    1250000,     913526,        0,    -336474,          0
 13031,   363,    1250000,     912575,        0,    -337425,          0
 13031,   364,    1250000,     920041,        0,    -329959,          0
 13031,   365,    1250000,     983277,        0,    -266723,          0
 13031,   366,    1250000,     906570,        0,    -343430,          0
 13031,   367,    1250000,     948390,        0,    -301610,          0
 13031,   368,    1250000,    1006668,        0,    -243332,          0
 13031,   369,    1250000,     971997,        0,    -278003,          0
 13031,   370,    1250000,     937393,        0,    -312607,          0
 13031,   371,    1250000,     901237,        0,    -348763,          0
 13031,   372,    1250000,    1023148,        0,    -226852,          0
 13031,   373,    1250000,     906363,        0,    -343637,          0
 13031,   374,    1250000,     924351,        0,    -325649,          0
 13031,   375,    1250000,     932801,        0,    -317199,          0
 13031,   376,    1250000,     975063,        0,    -274937,          0
 13031,   377,    1250000,     986775,        0,    -263225,          0
 13031,   378,    1250000,     929599,        0,    -320401,          0
 13031,   379,    1250000,     998314,        0,    -251686,          0
 13031,   380,    1250000,     903053,        0,    -346947,          0
 13031,   381,    1250000,     939662,        0,    -310338,          0
 13031,   382,    1250000,     930945,        0,    -319055,          0
 13031,   383,    1250000,     953841,        0,    -296159,          0
 13031,   384,    1250000,     947945,        0,    -302055,          0
 13031,   385,    1250000,     956742,        0,    -293258,          0
 13031,   386,    1250000,     937897,        0,    -312103,          0
 13031,   387,    1250000,     964065,        0,    -285935,          0
 13031,   388,    1250000,     924392,        0,    -325608,          0
 13031,   389,    1250000,     936641,        0,    -313359,          0
 13031,   390,    1250000,     949536,        0,    -300464,          0
 13031,   391,    1250000,     970002,        0,    -279998,          0
 13031,   392,    1250000,     918185,        0,    -331815,          0
 13031,   393,    1250000,     946632,        0,    -303368,          0
 13031,   394,    1250000,     972491,        0,    -277509,          0
 13031,   395,    1250000,     938310,        0,    -311690,          0
 13031,   396,    1250000,     942109,        0,    -307891,          0
 13031,   397,    1250000,     946467,        0,    -303533,          0
 13031,   398,    1250000,     937235,        0,    -312765,          0
 13031,   399,    1250000,     935112,        0,    -314888,          0
 13031,   400,    1250000,     963174,        0,    -286826,          0
 13031,   401,    1250000,     955708,        0,    -294292,          0
 13031,   402,    1250000,     985210,        0,    -264790,          0
 13031,   403,    1250000,     930602,        0,    -319398,          0
 13031,   404,    1250000,     973043,        0,    -276957,          0
 13031,   405,    1250000,     937695,        0,    -312305,          0
 13031,   406,    1250000,     942153,        0,    -307847,          0
 13031,   407,    1250000,     902158,        0,    -347842,          0
 13031,   408,    1250000,     928646,        0,    -321354,          0
 13031,   409,    1250000,     994882,        0,    -255118,          0
 13031,   410,    1250000,     985267,        0,    -264733,          0
 13031,   411,    1250000,     959589,        0,    -290411,          0
 13031,   412,    1250000,     947615,        0,    -302385,          0
 13031,   413,    1250000,     979753,        0,    -270247,          0
 13031,   414,    1250000,     920059,        0,    -329941,          0
 13031,   415,    1250000,     952333,        0,    -297667,          0
 13031,   416,    1250000,     943795,        0,    -306205,          0
 13031,   417,    1250000,     933987,        0,    -316013,          0
 13031,   418,    1250000,     924204,        0,    -325796,          0
 13031,   419,    1250000,     941407,        0,    -308593,          0
 13031,   420,    1250000,     922048,        0,    -327952,          0
 13031,   421,    1250000,     975172,        0,    -274828,          0
 13031,   422,    1250000,     920779,        0,    -329221,          0
 13031,   423,    1250000,     924429,        0,    -325571,          0
 13031,   424,    1250000,    1123929,        0,    -126071,          0
 13031,   425,    1250000,     916508,        0,    -333492,          0
 13031,   426,    1250000,     964496,        0,    -285504,          0
 13031,   427,    1250000,     924150,        0,    -325850,          0
 13031,   428,    1250000,     952395,        0,    -297605,          0
 13031,   429,    1250000,     949863,        0,    -300137,          0
 13031,   430,    1250000,     929362,        0,    -320638,          0
 13031,   431,    1250000,     943591,        0,    -306409,          0
 13031,   432,    1250000,     941099,        0,    -308901,          0
 13031,   433,    1250000,     922405,        0,    -327595,          0
 13031,   434,    1250000,     922410,        0,    -327590,          0
 13031,   435,    1250000,     927436,        0,    -322564,          0
 13031,   436,    1250000,     912388,        0,    -337612,          0
 13031,   437,    1250000,    1002280,        0,    -247720,          0
 13031,   438,    1250000,    1000112,        0,    -249888,          0
 13031,   439,    1250000,     926082,        0,    -323918,          0
 13031,   440,    1250000,    1047414,        0,    -202586,          0
 13031,   441,    1250000,     976658,        0,    -273342,          0
 13031,   442,    1250000,     961989,        0,    -288011,          0
 13031,   443,    1250000,     986896,        0,    -263104,          0
 13031,   444,    1250000,     928695,        0,    -321305,          0
 13031,   445,    1250000,    1004962,        0,    -245038,          0
 13031,   446,    1250000,     902555,        0,    -347445,          0
 13031,   447,    1250000,     957437,        0,    -292563,          0
 13031,   448,    1250000,     997119,        0,    -252881,          0
 13031,   449,    1250000,     994894,        0,    -255106,          0
 13031,   450,    1250000,    1186569,        0,     -63431,          0
 13031,   451,    1250000,     936374,        0,    -313626,          0
 13031,   452,    1250000,    1012318,        0,    -237682,          0
 13031,   453,    1250000,     937468,        0,    -312532,          0
 13031,   454,    1250000,     936418,        0,    -313582,          0
 13031,   455,    1250000,     949725,        0,    -300275,          0
 13031,   456,    1250000,     936271,        0,    -313729,          0
 13031,   457,    1250000,     958674,        0,    -291326,          0
 13031,   458,    1250000,    1011425,        0,    -238575,          0
 13031,   459,    1250000,     905650,        0,    -344350,          0
 13031,   460,    1250000,     982129,        0,    -267871,          0
 13031,   461,    1250000,     905537,        0,    -344463,          0
 13031,   462,    1250000,     937583,        0,    -312417,          0
 13031,   463,    1250000,     945816,        0,    -304184,          0
 13031,   464,    1250000,     969639,        0,    -280361,          0
 13031,   465,    1250000,     955820,        0,    -294180,          0
 13031,   466,    1250000,     958929,        0,    -291071,          0
 13031,   467,    1250000,     928326,        0,    -321674,          0
 13031,   468,    1250000,     982212,        0,    -267788,          0
 13031,   469,    1250000,     972982,        0,    -277018,          0
 13031,   470,    1250000,     956823,        0,    -293177,          0
 13031,   471,    1250000,     928375,        0,    -321625,          0
 13031,   472,    1250000,     950993,        0,    -299007,          0
 13031,   473,    1250000,     959392,        0,    -290608,          0
 13031,   474,    1250000,     941023,        0,    -308977,          0
 13031,   475,    1250000,     969727,        0,    -280273,          0
 13031,   476,    1250000,     975081,        0,    -274919,          0
 13031,   477,    1250000,     926381,        0,    -323619,          0
 13031,   478,    1250000,     996746,        0,    -253254,          0
 13031,   479,    1250000,     916213,        0,    -333787,          0
 13031,   480,    1250000,     955732,        0,    -294268,          0
 13031,   481,    1250000,     937347,        0,    -312653,          0
 13031,   482,    1250000,    1015853,        0,    -234147,          0
 13031,   483,    1250000,     941983,        0,    -308017,          0
 13031,   484,    1250000,     947203,        0,    -302797,          0
 13031,   485,    1250000,     943681,        0,    -306319,          0
 13031,   486,    1250000,     954083,        0,    -295917,          0
 13031,   487,    1250000,     994603,        0,    -255397,          0
 13031,   488,    1250000,     927818,        0,    -322182,          0
 13031,   489,    1250000,     932610,        0,    -317390,          0
 13031,   490,    1250000,     922642,        0,    -327358,          0
 13031,   491,    1250000,     925468,        0,    -324532,          0
 13031,   492,    1250000,     936907,        0,    -313093,          0
 13031,   493,    1250000,     907589,        0,    -342411,          0
 13031,   494,    1250000,     908068,        0,    -341932,          0
 13031,   495,    1250000,     933617,        0,    -316383,          0
 13031,   496,    1250000,     918801,        0,    -331199,          0
 13031,   497,    1250000,     952319,        0,    -297681,          0
 13031,   498,    1250000,     986636,        0,    -263364,          0
 13031,   499,    1250000,     921329,        0,    -328671,          0
 13031,   500,    1250000,     949423,        0,    -300577,          0
 13031,   501,    1250000,     905850,        0,    -344150,          0
 13031,   502,    1250000,     980796,        0,    -269204,          0
 13031,   503,    1250000,     913463,        0,    -336537,          0
 13031,   504,    1250000,     926286,        0,    -323714,          0
 13031,   505,    1250000,     948801,        0,    -301199,          0
 13031,   506,    1250000,     960059,        0,    -289941,          0
 13031,   507,    1250000,     923715,        0,    -326285,          0
 13031,   508,    1250000,     995559,        0,    -254441,          0
 13031,   509,    1250000,     936363,        0,    -313637,          0
 13031,   510,    1250000,     953742,        0,    -296258,          0
 13031,   511,    1250000,     945167,        0,    -304833,          0
 13031,   512,    1250000,     915571,        0,    -334429,          0
 13031,   513,    1250000,     912846,        0,    -337154,          0
 13031,   514,    1250000,     904498,        0,    -345502,          0
 13031,   515,    1250000,     925010,        0,    -324990,          0
 13031,   516,    1250000,    1001911,        0,    -248089,          0
 13031,   517,    1250000,     935333,        0,    -314667,          0
 13031,   518,    1250000,     949735,        0,    -300265,          0
 13031,   519,    1250000,     944811,        0,    -305189,          0
 13031,   520,    1250000,     903683,        0,    -346317,          0
 13031,   521,    1250000,     944624,        0,    -305376,          0
 13031,   522,    1250000,     941486,        0,    -308514,          0
 13031,   523,    1250000,     941043,        0,    -308957,          0
 13031,   524,    1250000,     913337,        0,    -336663,          0
 13031,   525,    1250000,     926692,        0,    -323308,          0
 13031,   526,    1250000,     934471,        0,    -315529,          0
 13031,   527,    1250000,     932285,        0,    -317715,          0
 13031,   528,    1250000,     973184,        0,    -276816,          0
 13031,   529,    1250000,     987235,        0,    -262765,          0
 13031,   530,    1250000,     909603,        0,    -340397,          0
 13031,   531,    1250000,     932178,        0,    -317822,          0
 13031,   532,    1250000,     953088,        0,    -296912,          0
 13031,   533,    1250000,     962556,        0,    -287444,          0
 13031,   534,    1250000,     974402,        0,    -275598,          0
 13031,   535,    1250000,     932823,        0,    -317177,          0
 13031,   536,    1250000,    1025866,        0,    -224134,          0
 13031,   537,    1250000,     907065,        0,    -342935,          0
 13031,   538,    1250000,     913472,        0,    -336528,          0
 13031,   539,    1250000,     974766,        0,    -275234,          0
 13031,   540,    1250000,     972290,        0,    -277710,          0
 13031,   541,    1250000,     959782,        0,    -290218,          0
 13031,   542,    1250000,     979402,        0,    -270598,          0
 13031,   543,    1250000,     927575,        0,    -322425,          0
 13031,   544,    1250000,     949100,        0,    -300900,          0
 13031,   545,    1250000,     921769,        0,    -328231,          0
 13031,   546,    1250000,     939661,        0,    -310339,          0
 13031,   547,    1250000,     964793,        0,    -285207,          0
 13031,   548,    1250000,     910656,        0,    -339344,          0
 13031,   549,    1250000,     952437,        0,    -297563,          0
 13031,   550,    1250000,    1219202,        0,     -30798,          0
 13031,   551,    1250000,     916192,        0,    -333808,          0
 13031,   552,    1250000,     936540,        0,    -313460,          0
 13031,   553,    1250000,     948793,        0,    -301207,          0
 13031,   554,    1250000,     992862,        0,    -257138,          0
 13031,   555,    1250000,     917885,        0,    -332115,          0
 13031,   556,    1250000,     952297,        0,    -297703,          0
 13031,   557,    1250000,     941305,        0,    -308695,          0
 13031,   558,    1250000,     933979,        0,    -316021,          0
 13031,   559,    1250000,     939829,        0,    -310171,          0
 13031,   560,    1250000,     949245,        0,    -300755,          0
 13031,   561,    1250000,     909123,        0,    -340877,          0
 13031,   562,    1250000,    1009760,        0,    -240240,          0
 13031,   563,    1250000,     960988,        0,    -289012,          0
 13031,   564,    1250000,     986687,        0,    -263313,          0
 13031,   565,    1250000,     943524,        0,    -306476,          0
 13031,   566,    1250000,     918717,        0,    -331283,          0
 13031,   567,    1250000,     978311,        0,    -271689,          0
 13031,   568,    1250000,     945238,        0,    -304762,          0
 13031,   569,    1250000,     932145,        0,    -317855,          0
 13031,   570,    1250000,     985034,        0,    -264966,          0
 13031,   571,    1250000,     922092,        0,    -327908,          0
 13031,   572,    1250000,     928407,        0,    -321593,          0
 13031,   573,    1250000,     916904,        0,    -333096,          0
 13031,   574,    1250000,     929185,        0,    -320815,          0
 13031,   575,    1250000,     955896,        0,    -294104,          0
 13031,   576,    1250000,     927374,        0,    -322626,          0
 13031,   577,    1250000,     936185,        0,    -313815,          0
 13031,   578,    1250000,     921856,        0,    -328144,          0
 13031,   579,    1250000,     947313,        0,    -302687,          0
 13031,   580,    1250000,    1006451,        0,    -243549,          0
 13031,   581,    1250000,     923387,        0,    -326613,          0
 13031,   582,    1250000,     983293,        0,    -266707,          0
 13031,   583,    1250000,     948003,        0,    -301997,          0
 13031,   584,    1250000,     910312,        0,    -339688,          0
 13031,   585,    1250000,     929479,        0,    -320521,          0
 13031,   586,    1250000,     946575,        0,    -303425,          0
 13031,   587,    1250000,     938422,        0,    -311578,          0
 13031,   588,    1250000,     979018,        0,    -270982,          0
 13031,   589,    1250000,     936144,        0,    -313856,          0
 13031,   590,    1250000,     928520,        0,    -321480,          0
 13031,   591,    1250000,     926960,        0,    -323040,          0
 13031,   592,    1250000,     957552,        0,    -292448,          0
 13031,   593,    1250000,     930370,        0,    -319630,          0
 13031,   594,    1250000,     945640,        0,    -304360,          0
 13031,   595,    1250000,     964825,        0,    -285175,          0
 13031,   596,    1250000,     995568,        0,    -254432,          0
 13031,   597,    1250000,    1003202,        0,    -246798,          0
 13031,   598,    1250000,     930711,        0,    -319289,          0
 13031,   599,    1250000,     917979,        0,    -332021,          0
 13031,   600,    1250000,     904174,        0,    -345826,          0
 13031,   601,    1250000,     903243,        0,    -346757,          0
 13031,   602,    1250000,     947200,        0,    -302800,          0
 13031,   603,    1250000,     926899,        0,    -323101,          0
 13031,   604,    1250000,     908365,        0,    -341635,          0
 13031,   605,    1250000,     903036,        0,    -346964,          0
 13031,   606,    1250000,     956762,        0,    -293238,          0
 13031,   607,    1250000,     965113,        0,    -284887,          0
 13031,   608,    1250000,    1003045,        0,    -246955,          0
 13031,   609,    1250000,     943804,        0,    -306196,          0
 13031,   610,    1250000,     961839,        0,    -288161,          0
 13031,   611,    1250000,     911222,        0,    -338778,          0
 13031,   612,    1250000,     924977,        0,    -325023,          0
 13031,   613,    1250000,     996489,        0,    -253511,          0
 13031,   614,    1250000,     920889,        0,    -329111,          0
 13031,   615,    1250000,     928026,        0,    -321974,          0
 13031,   616,    1250000,     933941,        0,    -316059,          0
 13031,   617,    1250000,     948825,        0,    -301175,          0
 13031,   618,    1250000,     931411,        0,    -318589,          0
 13031,   619,    1250000,     930693,        0,    -319307,          0
 13031,   620,    1250000,     964866,        0,    -285134,          0
 13031,   621,    1250000,     941378,        0,    -308622,          0
 13031,   622,    1250000,     926049,        0,    -323951,          0
 13031,   623,    1250000,     949242,        0,    -300758,          0
 13031,   624,    1250000,     942979,        0,    -307021,          0
 13031,   625,    1250000,     928250,        0,    -321750,          0
 13031,   626,    1250000,     939689,        0,    -310311,          0
 13031,   627,    1250000,     974002,        0,    -275998,          0
 13031,   628,    1250000,     928037,        0,    -321963,          0
 13031,   629,    1250000,    1007427,        0,    -242573,          0
 13031,   630,    1250000,     935286,        0,    -314714,          0
 13031,   631,    1250000,     926451,        0,    -323549,          0
 13031,   632,    1250000,     976563,        0,    -273437,          0
 13031,   633,    1250000,     920693,        0,    -329307,          0
 13031,   634,    1250000,     919840,        0,    -330160,          0
 13031,   635,    1250000,     920053,        0,    -329947,          0
 13031,   636,    1250000,     973574,        0,    -276426,          0
 13031,   637,    1250000,     934863,        0,    -315137,          0
 13031,   638,    1250000,     933123,        0,    -316877,          0
 13031,   639,    1250000,     933875,        0,    -316125,          0
 13031,   640,    1250000,     977817,        0,    -272183,          0
 13031,   641,    1250000,     934177,        0,    -315823,          0
 13031,   642,    1250000,     939050,        0,    -310950,          0
 13031,   643,    1250000,     941312,        0,    -308688,          0
 13031,   644,    1250000,     908249,        0,    -341751,          0
 13031,   645,    1250000,     945279,        0,    -304721,          0
 13031,   646,    1250000,     923729,        0,    -326271,          0
 13031,   647,    1250000,     935032,        0,    -314968,          0
 13031,   648,    1250000,     930383,        0,    -319617,          0
 13031,   649,    1250000,     946434,        0,    -303566,          0
 13031,   650,    1250000,    1228182,        0,     -21818,          0
 13031,   651,    1250000,     932184,        0,    -317816,          0
 13031,   652,    1250000,     979288,        0,    -270712,          0
 13031,   653,    1250000,     937966,        0,    -312034,          0
 13031,   654,    1250000,     922356,        0,    -327644,          0
 13031,   655,    1250000,     936542,        0,    -313458,          0
 13031,   656,    1250000,     922282,        0,    -327718,          0
 13031,   657,    1250000,     996566,        0,    -253434,          0
 13031,   658,    1250000,     943915,        0,    -306085,          0
 13031,   659,    1250000,     926088,        0,    -323912,          0
 13031,   660,    1250000,     927018,        0,    -322982,          0
 13031,   661,    1250000,     939041,        0,    -310959,          0
 13031,   662,    1250000,     924117,        0,    -325883,          0
 13031,   663,    1250000,     942458,        0,    -307542,          0
 13031,   664,    1250000,     921009,        0,    -328991,          0
 13031,   665,    1250000,     930243,        0,    -319757,          0
 13031,   666,    1250000,     965943,        0,    -284057,          0
 13031,   667,    1250000,     947187,        0,    -302813,          0
 13031,   668,    1250000,     944462,        0,    -305538,          0
 13031,   669,    1250000,     952565,        0,    -297435,          0
 13031,   670,    1250000,     968431,        0,    -281569,          0
 13031,   671,    1250000,     971662,        0,    -278338,          0
 13031,   672,    1250000,     938696,        0,    -311304,          0
 13031,   673,    1250000,     972484,        0,    -277516,          0
 13031,   674,    1250000,     946442,        0,    -303558,          0
 13031,   675,    1250000,     960204,        0,    -289796,          0
 13031,   676,    1250000,     975562,        0,    -274438,          0
 13031,   677,    1250000,     917350,        0,    -332650,          0
 13031,   678,    1250000,     959027,        0,    -290973,          0
 13031,   679,    1250000,     928187,        0,    -321813,          0
 13031,   680,    1250000,     908681,        0,    -341319,          0
 13031,   681,    1250000,     973879,        0,    -276121,          0
 13031,   682,    1250000,     940859,        0,    -309141,          0
 13031,   683,    1250000,    1021422,        0,    -228578,          0
 13031,   684,    1250000,     928393,        0,    -321607,          0
 13031,   685,    1250000,     994413,        0,    -255587,          0
 13031,   686,    1250000,     945784,        0,    -304216,          0
 13031,   687,    1250000,     938502,        0,    -311498,          0
 13031,   688,    1250000,    1002787,        0,    -247213,          0
 13031,   689,    1250000,     931026,        0,    -318974,          0
 13031,   690,    1250000,     919645,        0,    -330355,          0
 13031,   691,    1250000,     943040,        0,    -306960,          0
 13031,   692,    1250000,     996046,        0,    -253954,          0
 13031,   693,    1250000,    1011899,        0,    -238101,          0
 13031,   694,    1250000,     956756,        0,    -293244,          0
 13031,   695,    1250000,     954426,        0,    -295574,          0
 13031,   696,    1250000,     977288,        0,    -272712,          0
 13031,   697,    1250000,     964598,        0,    -285402,          0
 13031,   698,    1250000,     945865,        0,    -304135,          0
 13031,   699,    1250000,     950735,        0,    -299265,          0
 13031,   700,    1250000,     974904,        0,    -275096,          0
 13031,   701,    1250000,     924312,        0,    -325688,          0
 13031,   702,    1250000,     944800,        0,    -305200,          0
 13031,   703,    1250000,     929078,        0,    -320922,          0
 13031,   704,    1250000,     936634,        0,    -313366,          0
 13031,   705,    1250000,     940211,        0,    -309789,          0
 13031,   706,    1250000,     932490,        0,    -317510,          0
 13031,   707,    1250000,     918565,        0,    -331435,          0
 13031,   708,    1250000,     946555,        0,    -303445,          0
 13031,   709,    1250000,     950600,        0,    -299400,          0
 13031,   710,    1250000,     983284,        0,    -266716,          0
 13031,   711,    1250000,     948395,        0,    -301605,          0
 13031,   712,    1250000,     935476,        0,    -314524,          0
 13031,   713,    1250000,     966858,        0,    -283142,          0
 13031,   714,    1250000,     956243,        0,    -293757,          0
 13031,   715,    1250000,     914465,        0,    -335535,          0
 13031,   716,    1250000,     949412,        0,    -300588,          0
 13031,   717,    1250000,     955857,        0,    -294143,          0
 13031,   718,    1250000,     983531,        0,    -266469,          0
 13031,   719,    1250000,     918133,        0,    -331867,          0
 13031,   720,    1250000,     944562,        0,    -305438,          0
 13031,   721,    1250000,     919127,        0,    -330873,          0
 13031,   722,    1250000,     944563,        0,    -305437,          0
 13031,   723,    1250000,     924093,        0,    -325907,          0
 13031,   724,    1250000,     910777,        0,    -339223,          0
 13031,   725,    1250000,     959109,        0,    -290891,          0
 13031,   726,    1250000,    1000327,        0,    -249673,          0
 13031,   727,    1250000,     927937,        0,    -322063,          0
 13031,   728,    1250000,     926148,        0,    -323852,          0
 13031,   729,    1250000,     921255,        0,    -328745,          0
 13031,   730,    1250000,     937938,        0,    -312062,          0
 13031,   731,    1250000,     970369,        0,    -279631,          0
 13031,   732,    1250000,     928870,        0,    -321130,          0
 13031,   733,    1250000,     970262,        0,    -279738,          0
 13031,   734,    1250000,     922226,        0,    -327774,          0
 13031,   735,    1250000,     923350,        0,    -326650,          0
 13031,   736,    1250000,     978948,        0,    -271052,          0
 13031,   737,    1250000,     956198,        0,    -293802,          0
 13031,   738,    1250000,    1004182,        0,    -245818,          0
 13031,   739,    1250000,     909074,        0,    -340926,          0
 13031,   740,    1250000,     918213,        0,    -331787,          0
 13031,   741,    1250000,    1010416,        0,    -239584,          0
 13031,   742,    1250000,     936885,        0,    -313115,          0
 13031,   743,    1250000,     943567,        0,    -306433,          0
 13031,   744,    1250000,     942685,        0,    -307315,          0
 13031,   745,    1250000,     960675,        0,    -289325,          0
 13031,   746,    1250000,     958622,        0,    -291378,          0
 13031,   747,    1250000,     944434,        0,    -305566,          0
 13031,   748,    1250000,     928422,        0,    -321578,          0
 13031,   749,    1250000,     932339,        0,    -317661,          0
 13031,   750,    1250000,    1236658,        0,     -13342,          0
 13031,   751,    1250000,     918690,        0,    -331310,          0
 13031,   752,    1250000,     933128,        0,    -316872,          0
 13031,   753,    1250000,     906463,        0,    -343537,          0
 13031,   754,    1250000,    1008266,        0,    -241734,          0
 13031,   755,    1250000,     919603,        0,    -330397,          0
 13031,   756,    1250000,     903156,        0,    -346844,          0
 13031,   757,    1250000,     977584,        0,    -272416,          0
 13031,   758,    1250000,     982448,        0,    -267552,          0
 13031,   759,    1250000,     955504,        0,    -294496,          0
 13031,   760,    1250000,     912631,        0,    -337369,          0
 13031,   761,    1250000,     939499,        0,    -310501,          0
 13031,   762,    1250000,     996464,        0,    -253536,          0
 13031,   763,    1250000,     929754,        0,    -320246,          0
 13031,   764,    1250000,     939079,        0,    -310921,          0
 13031,   765,    1250000,     935322,        0,    -314678,          0
 13031,   766,    1250000,    1019306,        0,    -230694,          0
 13031,   767,    1250000,     925525,        0,    -324475,          0
 13031,   768,    1250000,    1009442,        0,    -240558,          0
 13031,   769,    1250000,     963388,        0,    -286612,          0
 13031,   770,    1250000,     937723,        0,    -312277,          0
 13031,   771,    1250000,     923309,        0,    -326691,          0
 13031,   772,    1250000,     911248,        0,    -338752,          0
 13031,   773,    1250000,     958638,        0,    -291362,          0
 13031,   774,    1250000,     929404,        0,    -320596,          0
 13031,   775,    1250000,     910407,        0,    -339593,          0
 13031,   776,    1250000,     924192,        0,    -325808,          0
 13031,   777,    1250000,     913987,        0,    -336013,          0
 13031,   778,    1250000,     941737,        0,    -308263,          0
 13031,   779,    1250000,     921545,        0,    -328455,          0
 13031,   780,    1250000,     923898,        0,    -326102,          0
 13031,   781,    1250000,    1022123,        0,    -227877,          0
 13031,   782,    1250000,     950890,        0,    -299110,          0
 13031,   783,    1250000,     925568,        0,    -324432,          0
 13031,   784,    1250000,     972457,        0,    -277543,          0
 13031,   785,    1250000,     981717,        0,    -268283,          0
 13031,   786,    1250000,     956881,        0,    -293119,          0
 13031,   787,    1250000,     987883,        0,    -262117,          0
 13031,   788,    1250000,     906233,        0,    -343767,          0
 13031,   789,    1250000,     972999,        0,    -277001,          0
 13031,   790,    1250000,     933236,        0,    -316764,          0
 13031,   791,    1250000,     962640,        0,    -287360,          0
 13031,   792,    1250000,     921947,        0,    -328053,          0
 13031,   793,    1250000,     973030,        0,    -276970,          0
 13031,   794,    1250000,     935766,        0,    -314234,          0
 13031,   795,    1250000,     950408,        0,    -299592,          0
 13031,   796,    1250000,     935517,        0,    -314483,          0
 13031,   797,    1250000,     977749,        0,    -272251,          0
 13031,   798,    1250000,     947376,        0,    -302624,          0
 13031,   799,    1250000,     923010,        0,    -326990,          0
 13031,   800,    1250000,     939640,        0,    -310360,          0
 13031,   801,    1250000,     960990,        0,    -289010,          0
 13031,   802,    1250000,     956958,        0,    -293042,          0
 13031,   803,    1250000,     963385,        0,    -286615,          0
 13031,   804,    1250000,     959175,        0,    -290825,          0
