874 874 1
938 938 1
1114 1114 1
814 814 1
1212 1212 1
647 647 1
1841 1841 1
772 772 1
1684 1684 1
963 963 1
984 984 1
984 984 1
1809 1809 1
1577 1577 1
675 675 1
850 850 1
984 984 1
649 649 1
1108 1108 1
847 847 1
1035 1035 1
1068 1068 1
1072 1072 1
826 826 1
562 562 1
 
2686 2686 1
1626 1626 1
1978 1978 1
1769 1769 1
2508 2508 1
2932 2932 1
2634 2634 1
3098 3098 1
2264 2264 1
1650 1650 1
2202 2202 1
1783 1783 1
1185 1185 1
1363 1363 1
1082 1082 1
1391 1391 1
1591 1591 1
1788 1788 1
2423 2423 1
1894 1894 1
2282 2282 1
2061 2061 1
3734 3734 1
1709 1709 1
1639 1639 1
 
4188 4188 1
4327 4327 1
3598 3598 1
4180 4180 1
4129 4129 1
2538 2538 1
3284 3284 1
3607 3607 1
5965 5965 1
2494 2494 1
2777 2777 1
3357 3357 1
2940 2940 1
4745 4745 1
2295 2295 1
2286 2286 1
3563 3563 1
3745 3745 1
4872 4872 1
3701 3701 1
2979 2979 1
3037 3037 1
2572 2572 1
2544 2544 1
5231 5231 1
 
2843 2843 1
3402 3402 1
5163 5163 1
3556 3556 1
4258 4258 1
3050 3050 1
4937 4937 1
3729 3729 1
4250 4250 1
3491 3491 1
4683 4683 1
4592 4592 1
3828 3828 1
6209 6209 1
4098 4098 1
3518 3518 1
3584 3584 1
4766 4766 1
6151 6151 1
5719 5719 1
4033 4033 1
7826 7826 1
3879 3879 1
3618 3618 1
3659 3659 1
 
4518 4518 1
5140 5140 1
4133 4133 1
7237 7237 1
4890 4890 1
4267 4267 1
5936 5936 1
5939 5939 1
4750 4750 1
4219 4219 1
3722 3722 1
4311 4311 1
6604 6604 1
5684 5684 1
5269 5269 1
5458 5458 1
4969 4969 1
5158 5158 1
6244 6244 1
5203 5203 1
3994 3994 1
6060 6060 1
4993 4993 1
4616 4616 1
5070 5070 1
 
6064 6064 1
4537 4537 1
5384 5384 1
6840 6840 1
6322 6322 1
5384 5384 1
7835 7835 1
4457 4457 1
5674 5674 1
5918 5918 1
4359 4359 1
3854 3854 1
6379 6379 1
6277 6277 1
6977 6977 1
6091 6091 1
4967 4967 1
6160 6160 1
5361 5361 1
5038 5038 1
6708 6708 1
8224 8224 1
6854 6854 1
5449 5449 1
4666 4666 1
 
6866 6866 1
6273 6273 1
7298 7298 1
6359 6359 1
7566 7566 1
8511 8511 1
6890 6890 1
10763 10763 1
9434 9434 1
10380 10380 1
7106 7106 1
6481 6481 1
6878 6878 1
7407 7407 1
4740 4740 1
7145 7145 1
9380 9380 1
6882 6882 1
7784 7784 1
8249 8249 1
8140 8140 1
8539 8539 1
9586 9586 1
5627 5627 1
7781 7781 1
 
5930 5930 1
10942 10942 1
8996 8996 1
7412 7412 1
7268 7268 1
7185 7185 1
9042 9042 1
9030 9030 1
8874 8874 1
9914 9914 1
6324 6324 1
9951 9951 1
8235 8235 1
8828 8828 1
7234 7234 1
8132 8132 1
8466 8466 1
9629 9629 1
10593 10593 1
8962 8962 1
6880 6880 1
8148 8148 1
8609 8609 1
9050 9050 1
6501 6501 1
 
9916 9916 1
8600 8600 1
8360 8360 1
10207 10207 1
9011 9011 1
8246 8246 1
7680 7680 1
9924 9924 1
8137 8137 1
11191 11191 1
11528 11528 1
9769 9769 1
9230 9230 1
11512 11512 1
10044 10044 1
9612 9612 1
9344 9344 1
8993 8993 1
18451 18451 1
11033 11033 1
8677 8677 1
8496 8496 1
8721 8721 1
9955 9955 1
9146 9146 1
 
13483 13483 1
11492 11492 1
9431 9431 1
13169 13169 1
9478 9478 1
13940 13940 1
10025 10025 1
10822 10822 1
11870 11870 1
9577 9577 1
12596 12596 1
12751 12751 1
9121 9121 1
12366 12366 1
9037 9037 1
12748 12748 1
9658 9658 1
10713 10713 1
11028 11028 1
9982 9982 1
9664 9664 1
11984 11984 1
10386 10386 1
12853 12853 1
9049 9049 1
 
12170 12170 1
15942 15942 1
12327 12327 1
12167 12167 1
10947 10947 1
13708 13708 1
10424 10424 1
14603 14603 1
10259 10259 1
10940 10940 1
15182 15182 1
15107 15107 1
10299 10299 1
12967 12967 1
10973 10973 1
12421 12421 1
10981 10981 1
10851 10851 1
11939 11939 1
9222 9222 1
13264 13264 1
9646 9646 1
12714 12714 1
10312 10312 1
11538 11538 1
 
17406 17406 1
13772 13772 1
14712 14712 1
13161 13161 1
16691 16691 1
13981 13981 1
14742 14742 1
11938 11938 1
12175 12175 1
16264 16264 1
13019 13019 1
11944 11944 1
12810 12810 1
12905 12905 1
10789 10789 1
13284 13284 1
14764 14764 1
13298 13298 1
18899 18899 1
10336 10336 1
11135 11135 1
13483 13483 1
13408 13408 1
11210 11210 1
11737 11737 1
 
13826 13826 1
14010 14010 1
14338 14339 0
14354 14354 1
13712 13712 1
12342 12342 1
13465 13465 1
13501 13501 1
11632 11632 1
14166 14166 1
17701 17701 1
10136 10136 1
15105 15105 1
17249 17249 1
14520 14520 1
16535 16535 1
12519 12519 1
14547 14547 1
10656 10656 1
15146 15146 1
12940 12940 1
14482 14482 1
16548 16548 1
15821 15821 1
12506 12506 1
 
15713 15713 1
16143 16143 1
15703 15703 1
16824 16824 1
17664 17664 1
16299 16299 1
15030 15030 1
13532 13532 1
13700 13700 1
18788 18788 1
14400 14400 1
14987 14988 0
15643 15643 1
13747 13747 1
14172 14172 1
16917 16917 1
15881 15881 1
15809 15809 1
13640 13640 1
15992 15992 1
17221 17221 1
16319 16319 1
17742 17742 1
14869 14869 1
13574 13574 1
 
15502 15502 1
19330 19330 1
16988 16988 1
14838 14838 1
16003 16003 1
15523 15523 1
13933 13933 1
16576 16576 1
16330 16330 1
14989 14989 1
18057 18057 1
17303 17303 1
16655 16655 1
23359 23359 1
12867 12867 1
14459 14459 1
16288 16288 1
16461 16461 1
16002 16003 0
13391 13391 1
19341 19341 1
14231 14231 1
19078 19078 1
14958 14959 0
13213 13213 1
 
15475 15475 1
16935 16935 1
14908 14908 1
15906 15906 1
20484 20486 0
16637 16637 1
21547 21547 1
18885 18886 0
18168 18169 0
15101 15101 1
16795 16795 1
15440 15441 0
16411 16411 1
14951 14951 1
15318 15318 1
18435 18435 1
16905 16905 1
16064 16064 1
16309 16309 1
16695 16695 1
17945 17946 0
16794 16794 1
16410 16410 1
19251 19251 1
18903 18903 1
 
24599 24599 1
31243 31243 1
19563 19563 1
16553 16553 1
18481 18482 0
15979 15979 1
20344 20345 0
16914 16915 0
16875 16875 1
22692 22692 1
17482 17482 1
21688 21689 0
18862 18862 1
19707 19707 1
18110 18110 1
22958 22958 1
17827 17828 0
17160 17161 0
19115 19115 1
21667 21667 1
17303 17303 1
18580 18581 0
18796 18796 1
18995 18995 1
18213 18213 1
 
15720 15720 1
18479 18479 1
15978 15978 1
20009 20009 1
16408 16408 1
17333 17333 1
20894 20895 0
21068 21069 0
17597 17597 1
17577 17577 1
18696 18698 0
16570 16570 1
20527 20527 1
18604 18605 0
24473 24473 1
22473 22473 1
17826 17826 1
21605 21606 0
22398 22399 0
22703 22703 1
20762 20762 1
21009 21011 0
19924 19924 1
18419 18419 1
20153 20154 0
 
18900 18900 1
20598 20598 1
17130 17130 1
20488 20491 0
16241 16241 1
22630 22631 0
19328 19329 0
19826 19827 0
20890 20890 1
19652 19652 1
21250 21250 1
22314 22314 1
23378 23380 0
21279 21280 0
22537 22537 1
20484 20484 1
17960 17960 1
17362 17362 1
43833 43833 1
24650 24651 0
20143 20146 0
24708 24709 0
24855 24859 0
18131 18131 1
20835 20836 0
 
28073 28073 1
23448 23448 1
23302 23305 0
21201 21205 0
21498 21503 0
19230 19231 0
21353 21353 1
19222 19222 1
22804 22805 0
21908 21909 0
17916 17917 0
25890 25891 0
23043 23046 0
21586 21587 0
19316 19318 0
21297 21298 0
21043 21043 1
21933 21933 1
21712 21713 0
21277 21277 1
18348 18349 0
24086 24086 1
17193 17195 0
37061 37064 0
23701 23702 0
 
23820 23821 0
24059 24061 0
22058 22059 0
23311 23317 0
28956 28957 0
20896 20900 0
21795 21795 1
25930 25935 0
23756 23759 0
23179 23180 0
21343 21344 0
20323 20323 1
23704 23704 1
25249 25254 0
20942 20944 0
21765 21765 1
21286 21288 0
26532 26537 0
18019 18019 1
22469 22470 0
22476 22479 0
23821 23827 0
22061 22061 1
21388 21390 0
26632 26637 0
 
2351 18554 0
2554 19369 0
3032 23668 0
2426 21626 0
3336 27692 0
2859 24724 0
2831 24889 0
2968 25027 0
2421 22676 0
3015 26526 0
2575 19472 0
2871 23460 0
2559 21344 0
2726 23989 0
2714 21086 0
2808 20547 0
2619 19834 0
2655 20795 0
2528 20332 0
2657 24635 0
2820 23010 0
2249 19483 0
2790 20854 0
2749 23037 0
2800 24582 0
 
1183 16275 0
1247 16663 0
1521 17200 0
1624 18405 0
1896 25244 0
1705 19336 0
1439 19089 0
1608 19280 0
1759 21715 0
1341 17144 0
1749 20736 0
1524 19716 0
1347 17800 0
1459 17597 0
1673 18327 0
1532 19484 0
1465 17456 0
1443 18263 0
1311 17908 0
1419 17650 0
1355 17288 0
1645 20605 0
1429 18423 0
1312 15597 0
1514 18350 0
 
===
