875 875 1
937 937 1
1113 1113 1
818 818 1
1209 1209 1
649 649 1
1850 1850 1
773 773 1
1686 1686 1
962 962 1
994 994 1
983 983 1
1807 1807 1
1577 1577 1
675 675 1
851 851 1
982 982 1
649 649 1
1053 1053 1
847 847 1
1035 1035 1
1073 1073 1
1073 1073 1
829 829 1
561 561 1
 
2692 2692 1
1630 1630 1
1977 1977 1
1763 1763 1
2516 2516 1
2922 2922 1
2585 2585 1
3096 3096 1
2260 2260 1
1656 1656 1
2184 2184 1
1773 1773 1
1186 1186 1
1374 1374 1
1089 1089 1
1387 1387 1
1588 1588 1
1784 1784 1
2416 2416 1
1896 1896 1
2273 2273 1
2059 2059 1
3749 3749 1
1708 1708 1
1632 1632 1
 
4152 4152 1
4190 4190 1
3391 3391 1
4187 4187 1
4119 4119 1
2549 2549 1
3271 3271 1
3613 3613 1
5990 5990 1
2492 2492 1
2778 2778 1
3372 3372 1
2941 2941 1
4755 4755 1
2295 2295 1
2283 2283 1
3565 3565 1
3747 3747 1
4871 4871 1
3692 3692 1
2978 2978 1
3037 3037 1
2574 2574 1
2545 2545 1
5229 5229 1
 
2842 2842 1
3401 3401 1
5163 5163 1
3552 3552 1
4265 4265 1
3052 3052 1
4936 4936 1
3732 3732 1
4252 4252 1
3493 3493 1
4679 4679 1
4589 4589 1
3825 3825 1
6214 6214 1
4097 4097 1
3518 3518 1
3586 3586 1
4792 4792 1
6149 6149 1
5719 5719 1
4034 4034 1
7820 7820 1
3869 3869 1
3618 3618 1
3656 3656 1
 
4518 4518 1
5139 5139 1
4134 4134 1
7229 7229 1
4891 4891 1
4267 4267 1
5938 5938 1
5941 5941 1
4752 4752 1
4220 4220 1
3725 3725 1
4310 4310 1
6605 6605 1
5681 5681 1
5271 5271 1
5454 5454 1
4973 4973 1
5159 5159 1
6243 6243 1
5204 5204 1
3990 3990 1
6057 6057 1
4994 4994 1
4617 4617 1
5074 5074 1
 
6067 6067 1
4540 4540 1
5378 5378 1
6845 6845 1
6323 6323 1
5385 5385 1
7832 7832 1
4459 4459 1
5674 5674 1
5958 5958 1
4361 4361 1
3858 3858 1
6381 6381 1
6283 6283 1
6974 6974 1
6093 6093 1
4970 4970 1
6159 6159 1
5356 5356 1
5046 5046 1
7066 7066 1
8406 8406 1
6796 6796 1
5480 5480 1
4609 4609 1
 
6851 6851 1
6300 6300 1
7311 7311 1
6363 6363 1
7564 7564 1
8507 8507 1
6885 6885 1
10756 10756 1
9342 9342 1
10378 10378 1
6959 6959 1
6527 6527 1
6887 6887 1
7397 7397 1
4728 4728 1
7149 7149 1
9517 9517 1
6895 6895 1
7741 7741 1
8256 8256 1
8143 8143 1
8539 8539 1
9571 9571 1
5629 5629 1
7785 7785 1
 
5936 5936 1
10926 10926 1
9000 9000 1
7407 7407 1
7275 7275 1
7244 7244 1
9036 9036 1
9014 9014 1
8864 8864 1
9931 9931 1
6330 6330 1
9948 9948 1
8227 8227 1
8796 8796 1
7249 7249 1
8090 8090 1
8491 8491 1
9652 9652 1
10606 10606 1
8962 8962 1
6882 6882 1
8140 8140 1
8602 8602 1
9098 9098 1
6497 6497 1
 
9912 9912 1
8590 8590 1
8337 8337 1
10200 10200 1
9001 9001 1
8245 8245 1
7691 7691 1
9932 9932 1
8143 8143 1
11208 11208 1
11537 11537 1
9770 9770 1
9227 9227 1
11516 11516 1
10088 10088 1
9617 9617 1
9346 9346 1
8995 8995 1
16214 16214 1
11037 11037 1
8606 8606 1
8474 8474 1
8709 8709 1
9885 9885 1
9142 9142 1
 
13486 13486 1
11462 11462 1
9427 9427 1
13159 13159 1
9485 9485 1
13863 13863 1
10018 10018 1
10839 10839 1
11871 11871 1
9580 9580 1
12620 12620 1
12744 12744 1
9119 9119 1
12385 12385 1
9020 9020 1
12729 12729 1
9658 9658 1
10716 10716 1
11049 11049 1
9989 9989 1
9660 9660 1
11906 11906 1
10365 10365 1
12867 12867 1
9045 9045 1
 
12192 12192 1
15945 15945 1
12338 12338 1
12166 12166 1
10953 10953 1
13744 13744 1
10423 10423 1
14642 14642 1
10254 10254 1
10934 10934 1
15159 15159 1
15106 15106 1
10307 10307 1
12958 12958 1
10978 10978 1
12425 12425 1
10989 10989 1
10869 10869 1
11960 11960 1
9227 9227 1
13253 13253 1
9637 9637 1
12720 12720 1
10320 10320 1
11543 11543 1
 
17390 17390 1
13762 13762 1
14685 14685 1
13060 13060 1
16698 16698 1
13921 13921 1
13825 13825 1
11937 11937 1
12684 12684 1
15198 15198 1
12615 12615 1
12038 12038 1
12848 12848 1
12956 12956 1
10779 10779 1
13279 13279 1
14822 14822 1
13307 13307 1
17341 17341 1
10341 10341 1
11142 11142 1
13476 13476 1
13441 13441 1
11203 11203 1
11760 11760 1
 
13810 13810 1
14020 14020 1
14343 14343 1
14355 14355 1
13695 13695 1
12321 12321 1
13456 13456 1
13507 13507 1
11594 11594 1
14146 14146 1
17696 17696 1
10123 10123 1
15120 15120 1
17254 17254 1
14511 14511 1
16528 16528 1
12518 12518 1
14548 14548 1
10647 10647 1
15149 15149 1
12952 12952 1
14468 14468 1
19596 19596 1
16470 16470 1
12504 12504 1
 
15991 15991 1
13999 13999 1
15612 15612 1
16352 16352 1
17602 17602 1
16296 16296 1
16076 16076 1
13567 13567 1
13674 13674 1
18776 18776 1
15333 15333 1
14967 14967 1
15650 15650 1
13769 13769 1
14159 14159 1
16969 16969 1
15879 15879 1
15811 15811 1
13648 13648 1
16001 16001 1
17214 17214 1
16329 16329 1
17758 17758 1
14377 14377 1
13554 13554 1
 
15522 15522 1
19352 19352 1
16967 16967 1
14826 14826 1
15992 15992 1
15523 15523 1
13932 13932 1
16575 16575 1
16347 16347 1
14979 14979 1
18062 18062 1
17282 17282 1
16669 16669 1
27248 27248 1
12887 12887 1
14453 14453 1
16220 16220 1
16361 16361 1
15929 15929 1
13372 13372 1
18548 18548 1
14251 14251 1
19008 19008 1
14867 14867 1
13246 13246 1
 
15489 15489 1
16983 16983 1
14931 14931 1
15921 15921 1
20470 20470 1
16717 16717 1
21598 21598 1
18882 18882 1
18195 18195 1
15115 15115 1
16775 16775 1
15432 15432 1
16405 16405 1
14938 14938 1
15295 15295 1
18453 18453 1
16891 16892 0
16063 16063 1
16338 16338 1
16680 16680 1
17959 17959 1
16775 16775 1
16403 16403 1
20239 20239 1
18912 18912 1
 
24589 24590 0
31988 31988 1
21872 21872 1
15620 15620 1
18480 18480 1
15935 15935 1
20337 20337 1
16873 16873 1
16881 16881 1
22606 22606 1
17367 17367 1
21800 21800 1
17985 17985 1
19710 19710 1
17295 17295 1
22976 22976 1
17796 17796 1
17166 17166 1
19129 19129 1
21632 21632 1
17309 17309 1
18568 18568 1
18806 18806 1
18989 18989 1
18203 18203 1
 
15742 15742 1
18500 18500 1
16406 16406 1
20012 20012 1
16392 16392 1
17335 17335 1
20916 20916 1
21445 21445 1
17596 17596 1
17576 17576 1
18691 18691 1
16559 16559 1
20572 20572 1
18091 18091 1
23163 23163 1
22480 22480 1
17849 17849 1
21527 21527 1
22400 22400 1
22740 22740 1
21044 21044 1
20966 20966 1
19934 19934 1
18399 18399 1
20163 20163 1
 
18922 18922 1
20587 20587 1
17149 17149 1
20494 20494 1
16322 16322 1
22644 22644 1
19322 19322 1
19846 19846 1
20883 20883 1
19646 19646 1
21214 21214 1
22344 22344 1
23424 23424 1
21286 21287 0
22160 22160 1
20477 20477 1
17949 17949 1
17999 17999 1
40494 40494 1
24635 24635 1
22591 22591 1
24701 24701 1
25051 25051 1
18181 18181 1
20848 20848 1
 
25701 25701 1
23465 23466 0
23324 23324 1
21244 21244 1
21513 21513 1
19249 19249 1
21367 21367 1
19218 19218 1
22841 22841 1
21886 21886 1
17917 17917 1
25850 25850 1
23050 23050 1
22010 22010 1
19309 19309 1
21293 21293 1
21025 21025 1
21953 21953 1
21695 21695 1
21263 21263 1
18362 18362 1
24113 24113 1
17173 17173 1
38041 38041 1
22595 22595 1
 
23791 23791 1
23989 23989 1
21957 21957 1
27512 27512 1
28724 28724 1
20927 20927 1
21774 21774 1
25964 25964 1
23755 23755 1
22438 22438 1
21380 21380 1
20299 20299 1
23695 23695 1
25298 25300 0
20986 20986 1
21804 21804 1
21322 21322 1
26530 26531 0
18024 18024 1
22487 22487 1
22489 22489 1
23861 23861 1
22062 22062 1
21725 21725 1
25867 25867 1
 
3962 19345 0
3522 20014 0
5011 27155 0
3693 22809 0
4244 29377 0
5111 31537 0
4784 29802 0
4356 27251 0
3637 23748 0
4754 29758 0
3591 20384 0
4107 24551 0
3931 22808 0
4646 25882 0
3945 22591 0
4033 21103 0
4337 20222 0
3834 21683 0
4072 21585 0
4399 27324 0
4214 24707 0
3489 19890 0
4023 21446 0
4203 25399 0
3573 25388 0
 
1470 17761 0
1531 17858 0
1753 18405 0
1924 20017 0
2584 29025 0
1825 20672 0
1798 20920 0
1939 20860 0
2009 23339 0
1619 18265 0
2145 23018 0
1755 21455 0
1583 19003 0
1793 19540 0
2002 19834 0
1877 20930 0
1723 19129 0
1709 19468 0
1596 19704 0
1778 18967 0
1558 18937 0
1957 21781 0
1669 19770 0
1481 16792 0
1712 19931 0
 
===
