273 273 1
457 457 1
109 109 1
503 503 1
387 387 1
122 122 1
161 161 1
207 207 1
123 123 1
123 123 1
136 136 1
373 373 1
188 188 1
452 452 1
669 669 1
336 336 1
306 306 1
112 112 1
220 220 1
184 184 1
772 772 1
278 278 1
912 912 1
360 360 1
634 634 1
 
537 537 1
349 349 1
247 247 1
382 382 1
732 732 1
1177 1177 1
500 500 1
264 264 1
285 285 1
226 226 1
458 458 1
228 228 1
1448 1448 1
617 617 1
1261 1261 1
412 412 1
559 559 1
647 647 1
1367 1367 1
272 272 1
211 211 1
444 444 1
291 291 1
756 756 1
350 350 1
 
936 936 1
420 420 1
577 577 1
508 508 1
610 610 1
409 409 1
1313 1313 1
721 721 1
546 546 1
557 557 1
472 472 1
637 637 1
883 883 1
514 514 1
380 380 1
289 289 1
535 535 1
620 620 1
1278 1278 1
401 401 1
384 384 1
1190 1190 1
291 291 1
768 768 1
1626 1626 1
 
1377 1377 1
562 562 1
529 529 1
571 571 1
625 625 1
1656 1656 1
1307 1307 1
709 709 1
886 886 1
653 653 1
970 970 1
1749 1749 1
610 610 1
1395 1395 1
454 454 1
825 825 1
420 420 1
619 619 1
800 800 1
1220 1220 1
816 816 1
1059 1059 1
958 958 1
1714 1714 1
849 849 1
 
688 688 1
2547 2547 1
1120 1120 1
774 774 1
984 984 1
515 515 1
1833 1833 1
1012 1012 1
1884 1884 1
1310 1310 1
2445 2445 1
1084 1084 1
2059 2060 0
877 877 1
1992 1992 1
1162 1162 1
1477 1477 1
1008 1008 1
720 720 1
865 865 1
1268 1268 1
792 792 1
1101 1101 1
1010 1010 1
1850 1850 1
 
1140 1140 1
1679 1679 1
1215 1215 1
559 559 1
1579 1579 1
2087 2087 1
1125 1125 1
1661 1661 1
1257 1257 1
1814 1814 1
1266 1266 1
839 839 1
962 962 1
2248 2248 1
1425 1425 1
894 894 1
1321 1321 1
623 623 1
1309 1309 1
1286 1286 1
907 907 1
1259 1259 1
1121 1121 1
1368 1368 1
1445 1445 1
 
755 755 1
1271 1271 1
1997 1997 1
1749 1749 1
1236 1236 1
1515 1515 1
1975 1975 1
2109 2109 1
1109 1109 1
2006 2006 1
2680 2680 1
833 833 1
1553 1553 1
1749 1749 1
1109 1109 1
3054 3054 1
2121 2121 1
1458 1458 1
2012 2012 1
1953 1954 0
2620 2620 1
1822 1822 1
1138 1138 1
1451 1451 1
1864 1864 1
 
1398 1398 1
2349 2349 1
3317 3317 1
1832 1832 1
1515 1515 1
2245 2245 1
2219 2219 1
1805 1805 1
893 893 1
1677 1677 1
1241 1241 1
3050 3050 1
2157 2157 1
2176 2176 1
1690 1690 1
2086 2086 1
2522 2522 1
1268 1268 1
2306 2306 1
1003 1003 1
1574 1574 1
2461 2461 1
1172 1172 1
1497 1497 1
1767 1767 1
 
1366 1366 1
1763 1763 1
1338 1338 1
2604 2604 1
2267 2267 1
1882 1882 1
1573 1573 1
1314 1314 1
1903 1903 1
2681 2681 1
1683 1683 1
2325 2325 1
1702 1703 0
1410 1410 1
1405 1405 1
2250 2251 0
1642 1642 1
2497 2500 0
1904 1904 1
2068 2068 1
1894 1894 1
2864 2864 1
1365 1365 1
2235 2235 1
3124 3124 1
 
1900 1900 1
2051 2051 1
2639 2639 1
2362 2368 0
2842 2842 1
1727 1727 1
2226 2227 0
2524 2524 1
3147 3147 1
2662 2662 1
1894 1894 1
2753 2753 1
3584 3584 1
2588 2588 1
2549 2549 1
2686 2686 1
2023 2025 0
2776 2776 1
3454 3454 1
2284 2284 1
1754 1754 1
1644 1644 1
1841 1841 1
2364 2365 0
2237 2237 1
 
3025 3025 1
1393 1393 1
3878 3878 1
3655 3655 1
1612 1612 1
2263 2263 1
2289 2289 1
2373 2373 1
2540 2540 1
2394 2394 1
1701 1701 1
1929 1929 1
2568 2568 1
2632 2632 1
2339 2339 1
1812 1812 1
2128 2128 1
1824 1824 1
1969 1969 1
1178 1178 1
1739 1739 1
1718 1718 1
2197 2197 1
1938 1938 1
2150 2150 1
 
1767 1767 1
5068 5068 1
3054 3054 1
2016 2016 1
3249 3260 0
2203 2203 1
4476 4494 0
3045 3045 1
4014 4015 0
2115 2115 1
1704 1704 1
2480 2480 1
2550 2550 1
2241 2241 1
2117 2117 1
4331 4332 0
2957 2957 1
2195 2195 1
3632 3632 1
3836 3836 1
2364 2364 1
1905 1905 1
1835 1835 1
1477 1477 1
1875 1875 1
 
2881 2881 1
1485 1485 1
3293 3293 1
2708 2709 0
2754 2754 1
2255 2255 1
2260 2260 1
2157 2157 1
3000 3000 1
3682 3682 1
2820 2820 1
2462 2462 1
2783 2783 1
3154 3154 1
2173 2173 1
2371 2371 1
1900 1900 1
2657 2657 1
1477 1477 1
2533 2533 1
2609 2609 1
2376 2376 1
2904 2904 1
3038 3038 1
1845 1845 1
 
2695 2695 1
2667 2667 1
2696 2696 1
2358 2358 1
3130 3130 1
2725 2725 1
3740 3740 1
3476 3476 1
2946 2946 1
3673 3673 1
3218 3218 1
4459 4459 1
2573 2573 1
3708 3708 1
2617 2617 1
3771 3772 0
1951 1951 1
2644 2644 1
3521 3521 1
2439 2439 1
2606 2606 1
3051 3051 1
3769 3782 0
3133 3134 0
2491 2491 1
 
2732 2732 1
3057 3057 1
5433 5435 0
1874 1874 1
2996 2996 1
3334 3335 0
3777 3777 1
4700 4700 1
2663 2663 1
4004 4004 1
3265 3265 1
2571 2571 1
2692 2692 1
3753 3756 0
3615 3615 1
2642 2642 1
3401 3401 1
2705 2705 1
2759 2764 0
4109 4109 1
2812 2813 0
4002 4007 0
2993 2993 1
2934 2934 1
3076 3077 0
 
3713 3713 1
2921 2921 1
3387 3388 0
3458 3458 1
1854 1854 1
2735 2739 0
2846 2846 1
3079 3079 1
5174 5174 1
4384 4384 1
3903 3908 0
4059 4062 0
3632 3632 1
3690 3690 1
2868 2868 1
3785 3787 0
3938 3938 1
4222 4222 1
2685 2685 1
3758 3758 1
3850 3850 1
3795 3797 0
2114 2114 1
2993 2993 1
4963 4963 1
 
2685 2685 1
3890 3897 0
5963 5969 0
2627 2628 0
2663 2664 0
3784 3811 0
3556 3557 0
3123 3123 1
3488 3488 1
3263 3263 1
3018 3018 1
5224 5229 0
4663 4675 0
3275 3278 0
3672 3672 1
4435 4440 0
3323 3323 1
3074 3074 1
5726 5727 0
3417 3418 0
3468 3468 1
3552 3552 1
3173 3173 1
2831 2831 1
2499 2499 1
 
3406 3407 0
2766 2766 1
3257 3258 0
5240 5243 0
4413 4429 0
3850 3857 0
2660 2663 0
3823 3824 0
3402 3402 1
3618 3618 1
3103 3103 1
3006 3007 0
3891 3900 0
3221 3249 0
4136 4137 0
3501 3501 1
3674 3676 0
3529 3531 0
3029 3029 1
3799 3801 0
3552 3552 1
3546 3550 0
3775 3775 1
5455 5496 0
4245 4249 0
 
3947 3954 0
3329 3331 0
3342 3346 0
2743 2743 1
5779 5781 0
6216 6219 0
4359 4386 0
3472 3472 1
3843 3851 0
4793 4793 1
3043 3053 0
3145 3145 1
4590 4592 0
5209 5277 0
5373 5414 0
4157 4232 0
3639 3641 0
5785 5786 0
3994 3997 0
4693 4695 0
4140 4143 0
3891 3894 0
4678 4688 0
4510 4514 0
3469 3474 0
 
4301 4413 0
3864 3876 0
3559 3567 0
3437 3441 0
4837 4848 0
4507 4591 0
5854 5921 0
4801 4802 0
3009 3016 0
4112 4166 0
4720 4749 0
4249 4306 0
3840 3845 0
4611 4650 0
3472 3472 1
3859 3867 0
4291 4399 0
4938 4990 0
5311 5311 1
4182 4184 0
5690 5701 0
4102 4153 0
4090 4100 0
4724 4777 0
5001 5132 0
 
3702 4079 0
3730 3905 0
3077 3548 0
4669 5360 0
2977 3327 0
3274 3699 0
2708 3292 0
3624 3807 0
4946 5950 0
3936 4105 0
3263 4400 0
3695 4501 0
3827 4381 0
3282 3944 0
3417 3690 0
4044 4503 0
4080 4478 0
4333 4733 0
4968 5900 0
3771 4635 0
2640 3266 0
3459 4472 0
3564 4109 0
3722 4006 0
4032 4670 0
 
400 5250 0
443 5010 0
308 4623 0
313 4314 0
323 4042 0
330 4373 0
367 4734 0
392 4281 0
301 3565 0
397 4301 0
442 4828 0
279 3217 0
340 4232 0
356 4624 0
392 5637 0
359 4980 0
398 4737 0
305 3599 0
343 3561 0
424 4391 0
357 4184 0
319 3939 0
396 4618 0
430 5614 0
240 4024 0
 
228 3370 0
241 3593 0
189 3294 0
127 3151 0
263 3760 0
201 3396 0
186 2829 0
218 3344 0
244 4017 0
249 3157 0
306 4077 0
244 3918 0
221 3789 0
185 3612 0
205 3282 0
224 3408 0
210 3555 0
141 3084 0
244 3416 0
187 3102 0
186 3594 0
281 3681 0
280 3320 0
209 3518 0
224 3736 0
 
===
