# Task,   Job,     Period,   Response, DL Miss?,   Lateness,  Tardiness
# task NAME=myapp PID=12842 COST=1000000 PERIOD=1250000 CPU=0
 12842,     2,    1250000,      11710,        0,   -1238290,          0
 12842,     3,    1250000,      59555,        0,   -1190445,          0
 12842,     4,    1250000,     953843,        0,    -296157,          0
 12842,     5,    1250000,     933914,        0,    -316086,          0
 12842,     6,    1250000,     973397,        0,    -276603,          0
 12842,     7,    1250000,     914022,        0,    -335978,          0
 12842,     8,    1250000,     939244,        0,    -310756,          0
 12842,     9,    1250000,     977534,        0,    -272466,          0
 12842,    10,    1250000,     949774,        0,    -300226,          0
 12842,    11,    1250000,     918091,        0,    -331909,          0
 12842,    12,    1250000,     907297,        0,    -342703,          0
 12842,    13,    1250000,     932473,        0,    -317527,          0
 12842,    14,    1250000,     917926,        0,    -332074,          0
 12842,    15,    1250000,     924188,        0,    -325812,          0
 12842,    16,    1250000,     951020,        0,    -298980,          0
 12842,    17,    1250000,     969095,        0,    -280905,          0
 12842,    18,    1250000,     948917,        0,    -301083,          0
 12842,    19,    1250000,     964086,        0,    -285914,          0
 12842,    20,    1250000,     951256,        0,    -298744,          0
 12842,    21,    1250000,     934295,        0,    -315705,          0
 12842,    22,    1250000,     924776,        0,    -325224,          0
 12842,    23,    1250000,     964280,        0,    -285720,          0
 12842,    24,    1250000,     987641,        0,    -262359,          0
 12842,    25,    1250000,     983385,        0,    -266615,          0
 12842,    26,    1250000,     925439,        0,    -324561,          0
 12842,    27,    1250000,     912109,        0,    -337891,          0
 12842,    28,    1250000,     934492,        0,    -315508,          0
 12842,    29,    1250000,     947395,        0,    -302605,          0
 12842,    30,    1250000,     932563,        0,    -317437,          0
 12842,    31,    1250000,     982692,        0,    -267308,          0
 12842,    32,    1250000,     924841,        0,    -325159,          0
 12842,    33,    1250000,     952929,        0,    -297071,          0
 12842,    34,    1250000,     974687,        0,    -275313,          0
 12842,    35,    1250000,     964001,        0,    -285999,          0
 12842,    36,    1250000,     959556,        0,    -290444,          0
 12842,    37,    1250000,     965382,        0,    -284618,          0
 12842,    38,    1250000,     925764,        0,    -324236,          0
 12842,    39,    1250000,     931505,        0,    -318495,          0
 12842,    40,    1250000,     929813,        0,    -320187,          0
 12842,    41,    1250000,     949531,        0,    -300469,          0
 12842,    42,    1250000,     935522,        0,    -314478,          0
 12842,    43,    1250000,     982123,        0,    -267877,          0
 12842,    44,    1250000,     964719,        0,    -285281,          0
 12842,    45,    1250000,     952009,        0,    -297991,          0
 12842,    46,    1250000,     927388,        0,    -322612,          0
 12842,    47,    1250000,     913495,        0,    -336505,          0
 12842,    48,    1250000,     945517,        0,    -304483,          0
 12842,    49,    1250000,     914118,        0,    -335882,          0
 12842,    50,    1250000,     956075,        0,    -293925,          0
 12842,    51,    1250000,     923279,        0,    -326721,          0
 12842,    52,    1250000,     915771,        0,    -334229,          0
 12842,    53,    1250000,    1001932,        0,    -248068,          0
 12842,    54,    1250000,     956497,        0,    -293503,          0
 12842,    55,    1250000,     950455,        0,    -299545,          0
 12842,    56,    1250000,     985231,        0,    -264769,          0
 12842,    57,    1250000,     963818,        0,    -286182,          0
 12842,    58,    1250000,     966871,        0,    -283129,          0
 12842,    59,    1250000,     933049,        0,    -316951,          0
 12842,    60,    1250000,     956468,        0,    -293532,          0
 12842,    61,    1250000,     974399,        0,    -275601,          0
 12842,    62,    1250000,     946592,        0,    -303408,          0
 12842,    63,    1250000,     919317,        0,    -330683,          0
 12842,    64,    1250000,     985194,        0,    -264806,          0
 12842,    65,    1250000,     971270,        0,    -278730,          0
 12842,    66,    1250000,    1086209,        0,    -163791,          0
 12842,    67,    1250000,     936491,        0,    -313509,          0
 12842,    68,    1250000,     932255,        0,    -317745,          0
 12842,    69,    1250000,     910782,        0,    -339218,          0
 12842,    70,    1250000,    1296943,        1,      46943,      46943
 12842,    71,    1250000,     915555,        0,    -334445,          0
 12842,    72,    1250000,     983494,        0,    -266506,          0
 12842,    73,    1250000,     930065,        0,    -319935,          0
 12842,    74,    1250000,     929271,        0,    -320729,          0
 12842,    75,    1250000,     911077,        0,    -338923,          0
 12842,    76,    1250000,     936343,        0,    -313657,          0
 12842,    77,    1250000,    1060065,        0,    -189935,          0
 12842,    78,    1250000,     938642,        0,    -311358,          0
 12842,    79,    1250000,     947515,        0,    -302485,          0
 12842,    80,    1250000,     978184,        0,    -271816,          0
 12842,    81,    1250000,     930534,        0,    -319466,          0
 12842,    82,    1250000,     969290,        0,    -280710,          0
 12842,    83,    1250000,     901762,        0,    -348238,          0
 12842,    84,    1250000,     956503,        0,    -293497,          0
 12842,    85,    1250000,     922687,        0,    -327313,          0
 12842,    86,    1250000,     936008,        0,    -313992,          0
 12842,    87,    1250000,     915762,        0,    -334238,          0
 12842,    88,    1250000,     959752,        0,    -290248,          0
 12842,    89,    1250000,     975800,        0,    -274200,          0
 12842,    90,    1250000,     975421,        0,    -274579,          0
 12842,    91,    1250000,     951035,        0,    -298965,          0
 12842,    92,    1250000,     942992,        0,    -307008,          0
 12842,    93,    1250000,     955984,        0,    -294016,          0
 12842,    94,    1250000,    1012322,        0,    -237678,          0
 12842,    95,    1250000,     937843,        0,    -312157,          0
 12842,    96,    1250000,     944789,        0,    -305211,          0
 12842,    97,    1250000,     938376,        0,    -311624,          0
 12842,    98,    1250000,     934422,        0,    -315578,          0
 12842,    99,    1250000,     901903,        0,    -348097,          0
 12842,   100,    1250000,     942349,        0,    -307651,          0
 12842,   101,    1250000,     966748,        0,    -283252,          0
 12842,   102,    1250000,     940612,        0,    -309388,          0
 12842,   103,    1250000,     939958,        0,    -310042,          0
 12842,   104,    1250000,     932510,        0,    -317490,          0
 12842,   105,    1250000,     962880,        0,    -287120,          0
 12842,   106,    1250000,     963722,        0,    -286278,          0
 12842,   107,    1250000,     931048,        0,    -318952,          0
 12842,   108,    1250000,     975363,        0,    -274637,          0
 12842,   109,    1250000,     953614,        0,    -296386,          0
 12842,   110,    1250000,     911868,        0,    -338132,          0
 12842,   111,    1250000,     935522,        0,    -314478,          0
 12842,   112,    1250000,     955963,        0,    -294037,          0
 12842,   113,    1250000,     971864,        0,    -278136,          0
 12842,   114,    1250000,     952618,        0,    -297382,          0
 12842,   115,    1250000,     923802,        0,    -326198,          0
 12842,   116,    1250000,     954979,        0,    -295021,          0
 12842,   117,    1250000,     965440,        0,    -284560,          0
 12842,   118,    1250000,     945601,        0,    -304399,          0
 12842,   119,    1250000,     950107,        0,    -299893,          0
 12842,   120,    1250000,     963312,        0,    -286688,          0
 12842,   121,    1250000,     984661,        0,    -265339,          0
 12842,   122,    1250000,     992325,        0,    -257675,          0
 12842,   123,    1250000,    1013872,        0,    -236128,          0
 12842,   124,    1250000,     933214,        0,    -316786,          0
 12842,   125,    1250000,     911316,        0,    -338684,          0
 12842,   126,    1250000,     928785,        0,    -321215,          0
 12842,   127,    1250000,     911299,        0,    -338701,          0
 12842,   128,    1250000,     915750,        0,    -334250,          0
 12842,   129,    1250000,     929484,        0,    -320516,          0
 12842,   130,    1250000,     976778,        0,    -273222,          0
 12842,   131,    1250000,     917231,        0,    -332769,          0
 12842,   132,    1250000,     909185,        0,    -340815,          0
 12842,   133,    1250000,     987746,        0,    -262254,          0
 12842,   134,    1250000,     958713,        0,    -291287,          0
 12842,   135,    1250000,     904512,        0,    -345488,          0
 12842,   136,    1250000,     927707,        0,    -322293,          0
 12842,   137,    1250000,     974055,        0,    -275945,          0
 12842,   138,    1250000,     928644,        0,    -321356,          0
 12842,   139,    1250000,     933596,        0,    -316404,          0
 12842,   140,    1250000,     921507,        0,    -328493,          0
 12842,   141,    1250000,     925029,        0,    -324971,          0
 12842,   142,    1250000,     974156,        0,    -275844,          0
 12842,   143,    1250000,     954938,        0,    -295062,          0
 12842,   144,    1250000,    1013701,        0,    -236299,          0
 12842,   145,    1250000,     996272,        0,    -253728,          0
 12842,   146,    1250000,     938767,        0,    -311233,          0
 12842,   147,    1250000,     896554,        0,    -353446,          0
 12842,   148,    1250000,    1015302,        0,    -234698,          0
 12842,   149,    1250000,     939719,        0,    -310281,          0
 12842,   150,    1250000,     921980,        0,    -328020,          0
 12842,   151,    1250000,     957284,        0,    -292716,          0
 12842,   152,    1250000,     995990,        0,    -254010,          0
 12842,   153,    1250000,    1027053,        0,    -222947,          0
 12842,   154,    1250000,     963440,        0,    -286560,          0
 12842,   155,    1250000,     932661,        0,    -317339,          0
 12842,   156,    1250000,     990901,        0,    -259099,          0
 12842,   157,    1250000,     940816,        0,    -309184,          0
 12842,   158,    1250000,     918707,        0,    -331293,          0
 12842,   159,    1250000,     911267,        0,    -338733,          0
 12842,   160,    1250000,     957954,        0,    -292046,          0
 12842,   161,    1250000,     913590,        0,    -336410,          0
 12842,   162,    1250000,     967143,        0,    -282857,          0
 12842,   163,    1250000,     905737,        0,    -344263,          0
 12842,   164,    1250000,     974183,        0,    -275817,          0
 12842,   165,    1250000,     940732,        0,    -309268,          0
 12842,   166,    1250000,     945541,        0,    -304459,          0
 12842,   167,    1250000,     968267,        0,    -281733,          0
 12842,   168,    1250000,     928512,        0,    -321488,          0
 12842,   169,    1250000,     914635,        0,    -335365,          0
 12842,   170,    1250000,    1194053,        0,     -55947,          0
 12842,   171,    1250000,     962528,        0,    -287472,          0
 12842,   172,    1250000,     921424,        0,    -328576,          0
 12842,   173,    1250000,     932825,        0,    -317175,          0
 12842,   174,    1250000,     960920,        0,    -289080,          0
 12842,   175,    1250000,     978720,        0,    -271280,          0
 12842,   176,    1250000,     959733,        0,    -290267,          0
 12842,   177,    1250000,     906923,        0,    -343077,          0
 12842,   178,    1250000,     923625,        0,    -326375,          0
 12842,   179,    1250000,     904218,        0,    -345782,          0
 12842,   180,    1250000,     921210,        0,    -328790,          0
 12842,   181,    1250000,     962041,        0,    -287959,          0
 12842,   182,    1250000,     915019,        0,    -334981,          0
 12842,   183,    1250000,     924937,        0,    -325063,          0
 12842,   184,    1250000,     944860,        0,    -305140,          0
 12842,   185,    1250000,     932895,        0,    -317105,          0
 12842,   186,    1250000,     948376,        0,    -301624,          0
 12842,   187,    1250000,     941397,        0,    -308603,          0
 12842,   188,    1250000,     934863,        0,    -315137,          0
 12842,   189,    1250000,     925797,        0,    -324203,          0
 12842,   190,    1250000,     951039,        0,    -298961,          0
 12842,   191,    1250000,     921890,        0,    -328110,          0
 12842,   192,    1250000,     907872,        0,    -342128,          0
 12842,   193,    1250000,     933391,        0,    -316609,          0
 12842,   194,    1250000,     947360,        0,    -302640,          0
 12842,   195,    1250000,     925185,        0,    -324815,          0
 12842,   196,    1250000,    1013555,        0,    -236445,          0
 12842,   197,    1250000,     924477,        0,    -325523,          0
 12842,   198,    1250000,     919617,        0,    -330383,          0
 12842,   199,    1250000,     916363,        0,    -333637,          0
 12842,   200,    1250000,     930192,        0,    -319808,          0
 12842,   201,    1250000,     915442,        0,    -334558,          0
 12842,   202,    1250000,     977315,        0,    -272685,          0
 12842,   203,    1250000,     931797,        0,    -318203,          0
 12842,   204,    1250000,     985514,        0,    -264486,          0
 12842,   205,    1250000,     951684,        0,    -298316,          0
 12842,   206,    1250000,     982102,        0,    -267898,          0
 12842,   207,    1250000,     960795,        0,    -289205,          0
 12842,   208,    1250000,     952419,        0,    -297581,          0
 12842,   209,    1250000,     993059,        0,    -256941,          0
 12842,   210,    1250000,     938610,        0,    -311390,          0
 12842,   211,    1250000,     943220,        0,    -306780,          0
 12842,   212,    1250000,     929448,        0,    -320552,          0
 12842,   213,    1250000,     936524,        0,    -313476,          0
 12842,   214,    1250000,     962367,        0,    -287633,          0
 12842,   215,    1250000,     967780,        0,    -282220,          0
 12842,   216,    1250000,     923316,        0,    -326684,          0
 12842,   217,    1250000,     979582,        0,    -270418,          0
 12842,   218,    1250000,     974104,        0,    -275896,          0
 12842,   219,    1250000,     940462,        0,    -309538,          0
 12842,   220,    1250000,     913733,        0,    -336267,          0
 12842,   221,    1250000,     930288,        0,    -319712,          0
 12842,   222,    1250000,     951716,        0,    -298284,          0
 12842,   223,    1250000,     916657,        0,    -333343,          0
 12842,   224,    1250000,     972327,        0,    -277673,          0
 12842,   225,    1250000,     988626,        0,    -261374,          0
 12842,   226,    1250000,     945120,        0,    -304880,          0
 12842,   227,    1250000,     991921,        0,    -258079,          0
 12842,   228,    1250000,     962737,        0,    -287263,          0
 12842,   229,    1250000,     927734,        0,    -322266,          0
 12842,   230,    1250000,     971137,        0,    -278863,          0
 12842,   231,    1250000,     954956,        0,    -295044,          0
 12842,   232,    1250000,     909999,        0,    -340001,          0
 12842,   233,    1250000,     946598,        0,    -303402,          0
 12842,   234,    1250000,     948484,        0,    -301516,          0
 12842,   235,    1250000,     949791,        0,    -300209,          0
 12842,   236,    1250000,     925796,        0,    -324204,          0
 12842,   237,    1250000,     941888,        0,    -308112,          0
 12842,   238,    1250000,     962044,        0,    -287956,          0
 12842,   239,    1250000,     904190,        0,    -345810,          0
 12842,   240,    1250000,     954303,        0,    -295697,          0
 12842,   241,    1250000,     940205,        0,    -309795,          0
 12842,   242,    1250000,     904697,        0,    -345303,          0
 12842,   243,    1250000,     928024,        0,    -321976,          0
 12842,   244,    1250000,     950806,        0,    -299194,          0
 12842,   245,    1250000,     993515,        0,    -256485,          0
 12842,   246,    1250000,     907013,        0,    -342987,          0
 12842,   247,    1250000,     943213,        0,    -306787,          0
 12842,   248,    1250000,     954616,        0,    -295384,          0
 12842,   249,    1250000,     950187,        0,    -299813,          0
 12842,   250,    1250000,     984350,        0,    -265650,          0
 12842,   251,    1250000,     935248,        0,    -314752,          0
 12842,   252,    1250000,     922385,        0,    -327615,          0
 12842,   253,    1250000,     928994,        0,    -321006,          0
 12842,   254,    1250000,     931927,        0,    -318073,          0
 12842,   255,    1250000,     959196,        0,    -290804,          0
 12842,   256,    1250000,     971198,        0,    -278802,          0
 12842,   257,    1250000,     912077,        0,    -337923,          0
 12842,   258,    1250000,     913238,        0,    -336762,          0
 12842,   259,    1250000,     916549,        0,    -333451,          0
 12842,   260,    1250000,     930458,        0,    -319542,          0
 12842,   261,    1250000,     943798,        0,    -306202,          0
 12842,   262,    1250000,     958683,        0,    -291317,          0
 12842,   263,    1250000,     925271,        0,    -324729,          0
 12842,   264,    1250000,     942242,        0,    -307758,          0
 12842,   265,    1250000,     950788,        0,    -299212,          0
 12842,   266,    1250000,     937514,        0,    -312486,          0
 12842,   267,    1250000,     937464,        0,    -312536,          0
 12842,   268,    1250000,     955773,        0,    -294227,          0
 12842,   269,    1250000,     970722,        0,    -279278,          0
 12842,   270,    1250000,    1241850,        0,      -8150,          0
 12842,   271,    1250000,     917792,        0,    -332208,          0
 12842,   272,    1250000,     984593,        0,    -265407,          0
 12842,   273,    1250000,     950730,        0,    -299270,          0
 12842,   274,    1250000,     955032,        0,    -294968,          0
 12842,   275,    1250000,     921586,        0,    -328414,          0
 12842,   276,    1250000,     901623,        0,    -348377,          0
 12842,   277,    1250000,     970544,        0,    -279456,          0
 12842,   278,    1250000,     953624,        0,    -296376,          0
 12842,   279,    1250000,     928730,        0,    -321270,          0
 12842,   280,    1250000,     921419,        0,    -328581,          0
 12842,   281,    1250000,     917592,        0,    -332408,          0
 12842,   282,    1250000,     937946,        0,    -312054,          0
 12842,   283,    1250000,     956365,        0,    -293635,          0
 12842,   284,    1250000,     990817,        0,    -259183,          0
 12842,   285,    1250000,     929493,        0,    -320507,          0
 12842,   286,    1250000,     950519,        0,    -299481,          0
 12842,   287,    1250000,     918753,        0,    -331247,          0
 12842,   288,    1250000,     954157,        0,    -295843,          0
 12842,   289,    1250000,     918017,        0,    -331983,          0
 12842,   290,    1250000,     981464,        0,    -268536,          0
 12842,   291,    1250000,     936639,        0,    -313361,          0
 12842,   292,    1250000,     952526,        0,    -297474,          0
 12842,   293,    1250000,     989446,        0,    -260554,          0
 12842,   294,    1250000,     962147,        0,    -287853,          0
 12842,   295,    1250000,     898680,        0,    -351320,          0
 12842,   296,    1250000,     938633,        0,    -311367,          0
 12842,   297,    1250000,     989605,        0,    -260395,          0
 12842,   298,    1250000,     935304,        0,    -314696,          0
 12842,   299,    1250000,     926259,        0,    -323741,          0
 12842,   300,    1250000,     964928,        0,    -285072,          0
 12842,   301,    1250000,     941041,        0,    -308959,          0
 12842,   302,    1250000,     926922,        0,    -323078,          0
 12842,   303,    1250000,     945020,        0,    -304980,          0
 12842,   304,    1250000,     927047,        0,    -322953,          0
 12842,   305,    1250000,     947319,        0,    -302681,          0
 12842,   306,    1250000,     934657,        0,    -315343,          0
 12842,   307,    1250000,     915445,        0,    -334555,          0
 12842,   308,    1250000,     955671,        0,    -294329,          0
 12842,   309,    1250000,     921704,        0,    -328296,          0
 12842,   310,    1250000,     917181,        0,    -332819,          0
 12842,   311,    1250000,     915563,        0,    -334437,          0
 12842,   312,    1250000,     940893,        0,    -309107,          0
 12842,   313,    1250000,     915356,        0,    -334644,          0
 12842,   314,    1250000,     959641,        0,    -290359,          0
 12842,   315,    1250000,     947879,        0,    -302121,          0
 12842,   316,    1250000,    1042962,        0,    -207038,          0
 12842,   317,    1250000,     998888,        0,    -251112,          0
 12842,   318,    1250000,     966715,        0,    -283285,          0
 12842,   319,    1250000,     917764,        0,    -332236,          0
 12842,   320,    1250000,     941272,        0,    -308728,          0
 12842,   321,    1250000,     949305,        0,    -300695,          0
 12842,   322,    1250000,     919402,        0,    -330598,          0
 12842,   323,    1250000,     965940,        0,    -284060,          0
 12842,   324,    1250000,     905937,        0,    -344063,          0
 12842,   325,    1250000,     939908,        0,    -310092,          0
 12842,   326,    1250000,     897828,        0,    -352172,          0
 12842,   327,    1250000,     938699,        0,    -311301,          0
 12842,   328,    1250000,     931403,        0,    -318597,          0
 12842,   329,    1250000,     930384,        0,    -319616,          0
 12842,   330,    1250000,     946837,        0,    -303163,          0
 12842,   331,    1250000,     913466,        0,    -336534,          0
 12842,   332,    1250000,     930181,        0,    -319819,          0
 12842,   333,    1250000,     938190,        0,    -311810,          0
 12842,   334,    1250000,     910580,        0,    -339420,          0
 12842,   335,    1250000,     930459,        0,    -319541,          0
 12842,   336,    1250000,     922103,        0,    -327897,          0
 12842,   337,    1250000,     938616,        0,    -311384,          0
 12842,   338,    1250000,    1014897,        0,    -235103,          0
 12842,   339,    1250000,     967472,        0,    -282528,          0
 12842,   340,    1250000,     979355,        0,    -270645,          0
 12842,   341,    1250000,     971339,        0,    -278661,          0
 12842,   342,    1250000,     929429,        0,    -320571,          0
 12842,   343,    1250000,     910681,        0,    -339319,          0
 12842,   344,    1250000,     929519,        0,    -320481,          0
 12842,   345,    1250000,     908509,        0,    -341491,          0
 12842,   346,    1250000,     948247,        0,    -301753,          0
 12842,   347,    1250000,     926616,        0,    -323384,          0
 12842,   348,    1250000,     909715,        0,    -340285,          0
 12842,   349,    1250000,     933770,        0,    -316230,          0
 12842,   350,    1250000,     952701,        0,    -297299,          0
 12842,   351,    1250000,     929744,        0,    -320256,          0
 12842,   352,    1250000,     919329,        0,    -330671,          0
 12842,   353,    1250000,     962634,        0,    -287366,          0
 12842,   354,    1250000,     955242,        0,    -294758,          0
 12842,   355,    1250000,     916989,        0,    -333011,          0
 12842,   356,    1250000,     943843,        0,    -306157,          0
 12842,   357,    1250000,     956014,        0,    -293986,          0
 12842,   358,    1250000,     926660,        0,    -323340,          0
 12842,   359,    1250000,     917867,        0,    -332133,          0
 12842,   360,    1250000,     922618,        0,    -327382,          0
 12842,   361,    1250000,     912407,        0,    -337593,          0
 12842,   362,    1250000,     938563,        0,    -311437,          0
 12842,   363,    1250000,     924624,        0,    -325376,          0
 12842,   364,    1250000,     928659,        0,    -321341,          0
 12842,   365,    1250000,     978321,        0,    -271679,          0
 12842,   366,    1250000,     960974,        0,    -289026,          0
 12842,   367,    1250000,     950709,        0,    -299291,          0
 12842,   368,    1250000,     924729,        0,    -325271,          0
 12842,   369,    1250000,     933614,        0,    -316386,          0
 12842,   370,    1250000,    1186896,        0,     -63104,          0
 12842,   371,    1250000,     984336,        0,    -265664,          0
 12842,   372,    1250000,     996288,        0,    -253712,          0
 12842,   373,    1250000,     943427,        0,    -306573,          0
 12842,   374,    1250000,     933380,        0,    -316620,          0
 12842,   375,    1250000,     930439,        0,    -319561,          0
 12842,   376,    1250000,     920054,        0,    -329946,          0
 12842,   377,    1250000,     929753,        0,    -320247,          0
 12842,   378,    1250000,     922568,        0,    -327432,          0
 12842,   379,    1250000,     930344,        0,    -319656,          0
 12842,   380,    1250000,     977227,        0,    -272773,          0
 12842,   381,    1250000,     973601,        0,    -276399,          0
 12842,   382,    1250000,     941133,        0,    -308867,          0
 12842,   383,    1250000,     929129,        0,    -320871,          0
 12842,   384,    1250000,     960194,        0,    -289806,          0
 12842,   385,    1250000,     980985,        0,    -269015,          0
 12842,   386,    1250000,     988888,        0,    -261112,          0
 12842,   387,    1250000,     957960,        0,    -292040,          0
 12842,   388,    1250000,     930902,        0,    -319098,          0
 12842,   389,    1250000,     902500,        0,    -347500,          0
 12842,   390,    1250000,     958258,        0,    -291742,          0
 12842,   391,    1250000,     924394,        0,    -325606,          0
 12842,   392,    1250000,     914015,        0,    -335985,          0
 12842,   393,    1250000,     949794,        0,    -300206,          0
 12842,   394,    1250000,     935935,        0,    -314065,          0
 12842,   395,    1250000,     921414,        0,    -328586,          0
 12842,   396,    1250000,     930970,        0,    -319030,          0
 12842,   397,    1250000,     929406,        0,    -320594,          0
 12842,   398,    1250000,     969387,        0,    -280613,          0
 12842,   399,    1250000,     915188,        0,    -334812,          0
 12842,   400,    1250000,     945406,        0,    -304594,          0
 12842,   401,    1250000,     971423,        0,    -278577,          0
 12842,   402,    1250000,     945526,        0,    -304474,          0
 12842,   403,    1250000,     902038,        0,    -347962,          0
 12842,   404,    1250000,     978085,        0,    -271915,          0
 12842,   405,    1250000,     906266,        0,    -343734,          0
 12842,   406,    1250000,     981440,        0,    -268560,          0
 12842,   407,    1250000,     946393,        0,    -303607,          0
 12842,   408,    1250000,     950362,        0,    -299638,          0
 12842,   409,    1250000,     934616,        0,    -315384,          0
 12842,   410,    1250000,     986459,        0,    -263541,          0
 12842,   411,    1250000,     929624,        0,    -320376,          0
 12842,   412,    1250000,     979067,        0,    -270933,          0
 12842,   413,    1250000,     937986,        0,    -312014,          0
 12842,   414,    1250000,     936752,        0,    -313248,          0
 12842,   415,    1250000,     947349,        0,    -302651,          0
 12842,   416,    1250000,     941106,        0,    -308894,          0
 12842,   417,    1250000,     911432,        0,    -338568,          0
 12842,   418,    1250000,    1007125,        0,    -242875,          0
 12842,   419,    1250000,     957950,        0,    -292050,          0
 12842,   420,    1250000,     955309,        0,    -294691,          0
 12842,   421,    1250000,     956660,        0,    -293340,          0
 12842,   422,    1250000,     971580,        0,    -278420,          0
 12842,   423,    1250000,     916531,        0,    -333469,          0
 12842,   424,    1250000,     929798,        0,    -320202,          0
 12842,   425,    1250000,     928661,        0,    -321339,          0
 12842,   426,    1250000,     962844,        0,    -287156,          0
 12842,   427,    1250000,     949875,        0,    -300125,          0
 12842,   428,    1250000,     920800,        0,    -329200,          0
 12842,   429,    1250000,     961422,        0,    -288578,          0
 12842,   430,    1250000,     934767,        0,    -315233,          0
 12842,   431,    1250000,     928070,        0,    -321930,          0
 12842,   432,    1250000,     916683,        0,    -333317,          0
 12842,   433,    1250000,     951754,        0,    -298246,          0
 12842,   434,    1250000,     983756,        0,    -266244,          0
 12842,   435,    1250000,     935756,        0,    -314244,          0
 12842,   436,    1250000,     931403,        0,    -318597,          0
 12842,   437,    1250000,     944811,        0,    -305189,          0
 12842,   438,    1250000,     993621,        0,    -256379,          0
 12842,   439,    1250000,     924971,        0,    -325029,          0
 12842,   440,    1250000,     943812,        0,    -306188,          0
 12842,   441,    1250000,     950955,        0,    -299045,          0
 12842,   442,    1250000,     935881,        0,    -314119,          0
 12842,   443,    1250000,     946319,        0,    -303681,          0
 12842,   444,    1250000,     939748,        0,    -310252,          0
 12842,   445,    1250000,     923876,        0,    -326124,          0
 12842,   446,    1250000,    1046900,        0,    -203100,          0
 12842,   447,    1250000,     937852,        0,    -312148,          0
 12842,   448,    1250000,    1054684,        0,    -195316,          0
 12842,   449,    1250000,     975664,        0,    -274336,          0
 12842,   450,    1250000,    1097850,        0,    -152150,          0
 12842,   451,    1250000,     967240,        0,    -282760,          0
 12842,   452,    1250000,     983133,        0,    -266867,          0
 12842,   453,    1250000,     926965,        0,    -323035,          0
 12842,   454,    1250000,     943693,        0,    -306307,          0
 12842,   455,    1250000,     932276,        0,    -317724,          0
 12842,   456,    1250000,     982008,        0,    -267992,          0
 12842,   457,    1250000,     969063,        0,    -280937,          0
 12842,   458,    1250000,    1048786,        0,    -201214,          0
 12842,   459,    1250000,     948195,        0,    -301805,          0
 12842,   460,    1250000,     931116,        0,    -318884,          0
 12842,   461,    1250000,     925039,        0,    -324961,          0
 12842,   462,    1250000,     954804,        0,    -295196,          0
 12842,   463,    1250000,     937430,        0,    -312570,          0
 12842,   464,    1250000,     947141,        0,    -302859,          0
 12842,   465,    1250000,     921969,        0,    -328031,          0
 12842,   466,    1250000,     954560,        0,    -295440,          0
 12842,   467,    1250000,     921115,        0,    -328885,          0
 12842,   468,    1250000,     915764,        0,    -334236,          0
 12842,   469,    1250000,     945506,        0,    -304494,          0
 12842,   470,    1250000,    1210496,        0,     -39504,          0
 12842,   471,    1250000,     906255,        0,    -343745,          0
 12842,   472,    1250000,     983724,        0,    -266276,          0
 12842,   473,    1250000,     920380,        0,    -329620,          0
 12842,   474,    1250000,     942566,        0,    -307434,          0
 12842,   475,    1250000,     906454,        0,    -343546,          0
 12842,   476,    1250000,     935329,        0,    -314671,          0
 12842,   477,    1250000,     960619,        0,    -289381,          0
 12842,   478,    1250000,     915780,        0,    -334220,          0
 12842,   479,    1250000,     942004,        0,    -307996,          0
 12842,   480,    1250000,     956544,        0,    -293456,          0
 12842,   481,    1250000,     920877,        0,    -329123,          0
 12842,   482,    1250000,     913387,        0,    -336613,          0
 12842,   483,    1250000,     935428,        0,    -314572,          0
 12842,   484,    1250000,     911478,        0,    -338522,          0
 12842,   485,    1250000,     990446,        0,    -259554,          0
 12842,   486,    1250000,     946084,        0,    -303916,          0
 12842,   487,    1250000,     921989,        0,    -328011,          0
 12842,   488,    1250000,     962375,        0,    -287625,          0
 12842,   489,    1250000,     976777,        0,    -273223,          0
 12842,   490,    1250000,     933471,        0,    -316529,          0
 12842,   491,    1250000,     948942,        0,    -301058,          0
 12842,   492,    1250000,     923325,        0,    -326675,          0
 12842,   493,    1250000,     931486,        0,    -318514,          0
 12842,   494,    1250000,     931763,        0,    -318237,          0
 12842,   495,    1250000,     911262,        0,    -338738,          0
 12842,   496,    1250000,     935226,        0,    -314774,          0
 12842,   497,    1250000,     952359,        0,    -297641,          0
 12842,   498,    1250000,     931892,        0,    -318108,          0
 12842,   499,    1250000,     968964,        0,    -281036,          0
 12842,   500,    1250000,     948656,        0,    -301344,          0
 12842,   501,    1250000,     935847,        0,    -314153,          0
 12842,   502,    1250000,     969262,        0,    -280738,          0
 12842,   503,    1250000,     937252,        0,    -312748,          0
 12842,   504,    1250000,     940802,        0,    -309198,          0
 12842,   505,    1250000,     954767,        0,    -295233,          0
 12842,   506,    1250000,    1012378,        0,    -237622,          0
 12842,   507,    1250000,     915297,        0,    -334703,          0
 12842,   508,    1250000,     960314,        0,    -289686,          0
 12842,   509,    1250000,     937427,        0,    -312573,          0
 12842,   510,    1250000,     944672,        0,    -305328,          0
 12842,   511,    1250000,     949161,        0,    -300839,          0
 12842,   512,    1250000,     933780,        0,    -316220,          0
 12842,   513,    1250000,     938320,        0,    -311680,          0
 12842,   514,    1250000,     947408,        0,    -302592,          0
 12842,   515,    1250000,     935080,        0,    -314920,          0
 12842,   516,    1250000,     981669,        0,    -268331,          0
 12842,   517,    1250000,     914094,        0,    -335906,          0
 12842,   518,    1250000,     989174,        0,    -260826,          0
 12842,   519,    1250000,     943594,        0,    -306406,          0
 12842,   520,    1250000,     954068,        0,    -295932,          0
 12842,   521,    1250000,     991595,        0,    -258405,          0
 12842,   522,    1250000,    1018130,        0,    -231870,          0
 12842,   523,    1250000,     983466,        0,    -266534,          0
 12842,   524,    1250000,    1019172,        0,    -230828,          0
 12842,   525,    1250000,     950088,        0,    -299912,          0
 12842,   526,    1250000,     942696,        0,    -307304,          0
 12842,   527,    1250000,    1040210,        0,    -209790,          0
 12842,   528,    1250000,     907498,        0,    -342502,          0
 12842,   529,    1250000,     960957,        0,    -289043,          0
 12842,   530,    1250000,     988318,        0,    -261682,          0
 12842,   531,    1250000,     932603,        0,    -317397,          0
 12842,   532,    1250000,     940622,        0,    -309378,          0
 12842,   533,    1250000,     920077,        0,    -329923,          0
 12842,   534,    1250000,     949874,        0,    -300126,          0
 12842,   535,    1250000,     926550,        0,    -323450,          0
 12842,   536,    1250000,     924679,        0,    -325321,          0
 12842,   537,    1250000,     971755,        0,    -278245,          0
 12842,   538,    1250000,     925122,        0,    -324878,          0
 12842,   539,    1250000,     944420,        0,    -305580,          0
 12842,   540,    1250000,     964397,        0,    -285603,          0
 12842,   541,    1250000,     956829,        0,    -293171,          0
 12842,   542,    1250000,     930702,        0,    -319298,          0
 12842,   543,    1250000,     921025,        0,    -328975,          0
 12842,   544,    1250000,     937913,        0,    -312087,          0
 12842,   545,    1250000,     939960,        0,    -310040,          0
 12842,   546,    1250000,     955924,        0,    -294076,          0
 12842,   547,    1250000,     973277,        0,    -276723,          0
 12842,   548,    1250000,     909852,        0,    -340148,          0
 12842,   549,    1250000,     908783,        0,    -341217,          0
 12842,   550,    1250000,     939825,        0,    -310175,          0
 12842,   551,    1250000,     933311,        0,    -316689,          0
 12842,   552,    1250000,     946452,        0,    -303548,          0
 12842,   553,    1250000,     927890,        0,    -322110,          0
 12842,   554,    1250000,     917431,        0,    -332569,          0
 12842,   555,    1250000,     997312,        0,    -252688,          0
 12842,   556,    1250000,     916735,        0,    -333265,          0
 12842,   557,    1250000,     935559,        0,    -314441,          0
 12842,   558,    1250000,     933117,        0,    -316883,          0
 12842,   559,    1250000,     914086,        0,    -335914,          0
 12842,   560,    1250000,     932964,        0,    -317036,          0
 12842,   561,    1250000,     954728,        0,    -295272,          0
 12842,   562,    1250000,     937866,        0,    -312134,          0
 12842,   563,    1250000,     918487,        0,    -331513,          0
 12842,   564,    1250000,     913377,        0,    -336623,          0
 12842,   565,    1250000,     917960,        0,    -332040,          0
 12842,   566,    1250000,     902276,        0,    -347724,          0
 12842,   567,    1250000,     931684,        0,    -318316,          0
 12842,   568,    1250000,     942986,        0,    -307014,          0
 12842,   569,    1250000,     957958,        0,    -292042,          0
 12842,   570,    1250000,    1241792,        0,      -8208,          0
 12842,   571,    1250000,     927271,        0,    -322729,          0
 12842,   572,    1250000,     901653,        0,    -348347,          0
 12842,   573,    1250000,     959719,        0,    -290281,          0
 12842,   574,    1250000,     936895,        0,    -313105,          0
 12842,   575,    1250000,     938152,        0,    -311848,          0
 12842,   576,    1250000,     977355,        0,    -272645,          0
 12842,   577,    1250000,     950837,        0,    -299163,          0
 12842,   578,    1250000,     906043,        0,    -343957,          0
 12842,   579,    1250000,     912482,        0,    -337518,          0
 12842,   580,    1250000,     927379,        0,    -322621,          0
 12842,   581,    1250000,     949726,        0,    -300274,          0
 12842,   582,    1250000,     953260,        0,    -296740,          0
 12842,   583,    1250000,     970014,        0,    -279986,          0
 12842,   584,    1250000,     953332,        0,    -296668,          0
 12842,   585,    1250000,     986765,        0,    -263235,          0
 12842,   586,    1250000,     930010,        0,    -319990,          0
 12842,   587,    1250000,     948664,        0,    -301336,          0
 12842,   588,    1250000,     927381,        0,    -322619,          0
 12842,   589,    1250000,     943626,        0,    -306374,          0
 12842,   590,    1250000,     927770,        0,    -322230,          0
 12842,   591,    1250000,     940189,        0,    -309811,          0
 12842,   592,    1250000,     960391,        0,    -289609,          0
 12842,   593,    1250000,    1003237,        0,    -246763,          0
 12842,   594,    1250000,     939705,        0,    -310295,          0
 12842,   595,    1250000,     910556,        0,    -339444,          0
 12842,   596,    1250000,     938496,        0,    -311504,          0
 12842,   597,    1250000,    1021303,        0,    -228697,          0
 12842,   598,    1250000,     917981,        0,    -332019,          0
 12842,   599,    1250000,     912069,        0,    -337931,          0
 12842,   600,    1250000,     988510,        0,    -261490,          0
 12842,   601,    1250000,     999193,        0,    -250807,          0
 12842,   602,    1250000,     928946,        0,    -321054,          0
 12842,   603,    1250000,     946742,        0,    -303258,          0
 12842,   604,    1250000,     917611,        0,    -332389,          0
 12842,   605,    1250000,     963370,        0,    -286630,          0
 12842,   606,    1250000,     938133,        0,    -311867,          0
 12842,   607,    1250000,     982184,        0,    -267816,          0
 12842,   608,    1250000,     952726,        0,    -297274,          0
 12842,   609,    1250000,     936579,        0,    -313421,          0
 12842,   610,    1250000,     977660,        0,    -272340,          0
 12842,   611,    1250000,     985076,        0,    -264924,          0
 12842,   612,    1250000,     933204,        0,    -316796,          0
 12842,   613,    1250000,     951269,        0,    -298731,          0
 12842,   614,    1250000,     976262,        0,    -273738,          0
 12842,   615,    1250000,     898145,        0,    -351855,          0
 12842,   616,    1250000,     947411,        0,    -302589,          0
 12842,   617,    1250000,     921628,        0,    -328372,          0
 12842,   618,    1250000,     922404,        0,    -327596,          0
 12842,   619,    1250000,     916934,        0,    -333066,          0
 12842,   620,    1250000,     999745,        0,    -250255,          0
 12842,   621,    1250000,     943517,        0,    -306483,          0
 12842,   622,    1250000,     908664,        0,    -341336,          0
 12842,   623,    1250000,     904851,        0,    -345149,          0
 12842,   624,    1250000,     992475,        0,    -257525,          0
 12842,   625,    1250000,     952879,        0,    -297121,          0
 12842,   626,    1250000,     919082,        0,    -330918,          0
 12842,   627,    1250000,     933536,        0,    -316464,          0
 12842,   628,    1250000,     997688,        0,    -252312,          0
 12842,   629,    1250000,     999962,        0,    -250038,          0
 12842,   630,    1250000,     975990,        0,    -274010,          0
 12842,   631,    1250000,     941438,        0,    -308562,          0
 12842,   632,    1250000,     933467,        0,    -316533,          0
 12842,   633,    1250000,     966618,        0,    -283382,          0
 12842,   634,    1250000,     930953,        0,    -319047,          0
 12842,   635,    1250000,     931736,        0,    -318264,          0
 12842,   636,    1250000,     942217,        0,    -307783,          0
 12842,   637,    1250000,     955673,        0,    -294327,          0
 12842,   638,    1250000,     938105,        0,    -311895,          0
 12842,   639,    1250000,     943906,        0,    -306094,          0
 12842,   640,    1250000,     958529,        0,    -291471,          0
 12842,   641,    1250000,     953006,        0,    -296994,          0
 12842,   642,    1250000,     991224,        0,    -258776,          0
 12842,   643,    1250000,     937583,        0,    -312417,          0
 12842,   644,    1250000,     925678,        0,    -324322,          0
 12842,   645,    1250000,     974899,        0,    -275101,          0
 12842,   646,    1250000,     951379,        0,    -298621,          0
 12842,   647,    1250000,     939725,        0,    -310275,          0
 12842,   648,    1250000,     979976,        0,    -270024,          0
 12842,   649,    1250000,     934550,        0,    -315450,          0
 12842,   650,    1250000,     956610,        0,    -293390,          0
 12842,   651,    1250000,     952448,        0,    -297552,          0
 12842,   652,    1250000,     919398,        0,    -330602,          0
 12842,   653,    1250000,     949872,        0,    -300128,          0
 12842,   654,    1250000,     945092,        0,    -304908,          0
 12842,   655,    1250000,     920345,        0,    -329655,          0
 12842,   656,    1250000,     934423,        0,    -315577,          0
 12842,   657,    1250000,     953762,        0,    -296238,          0
 12842,   658,    1250000,     960013,        0,    -289987,          0
 12842,   659,    1250000,     949963,        0,    -300037,          0
 12842,   660,    1250000,     904180,        0,    -345820,          0
 12842,   661,    1250000,     955736,        0,    -294264,          0
 12842,   662,    1250000,     945786,        0,    -304214,          0
 12842,   663,    1250000,    1059761,        0,    -190239,          0
 12842,   664,    1250000,     965120,        0,    -284880,          0
 12842,   665,    1250000,    1023460,        0,    -226540,          0
 12842,   666,    1250000,     930477,        0,    -319523,          0
 12842,   667,    1250000,     936531,        0,    -313469,          0
 12842,   668,    1250000,     963581,        0,    -286419,          0
 12842,   669,    1250000,    1017964,        0,    -232036,          0
 12842,   670,    1250000,    1227979,        0,     -22021,          0
 12842,   671,    1250000,     913357,        0,    -336643,          0
 12842,   672,    1250000,     938862,        0,    -311138,          0
 12842,   673,    1250000,     932092,        0,    -317908,          0
 12842,   674,    1250000,     908010,        0,    -341990,          0
 12842,   675,    1250000,     978884,        0,    -271116,          0
 12842,   676,    1250000,     903992,        0,    -346008,          0
 12842,   677,    1250000,    1009976,        0,    -240024,          0
 12842,   678,    1250000,     924703,        0,    -325297,          0
 12842,   679,    1250000,     938077,        0,    -311923,          0
 12842,   680,    1250000,     958846,        0,    -291154,          0
 12842,   681,    1250000,     923957,        0,    -326043,          0
 12842,   682,    1250000,     924430,        0,    -325570,          0
 12842,   683,    1250000,    1048422,        0,    -201578,          0
 12842,   684,    1250000,     911607,        0,    -338393,          0
 12842,   685,    1250000,     982377,        0,    -267623,          0
 12842,   686,    1250000,     942618,        0,    -307382,          0
 12842,   687,    1250000,     952397,        0,    -297603,          0
 12842,   688,    1250000,     924599,        0,    -325401,          0
 12842,   689,    1250000,     938969,        0,    -311031,          0
 12842,   690,    1250000,     905493,        0,    -344507,          0
 12842,   691,    1250000,     951855,        0,    -298145,          0
 12842,   692,    1250000,     930897,        0,    -319103,          0
 12842,   693,    1250000,     949056,        0,    -300944,          0
 12842,   694,    1250000,     912254,        0,    -337746,          0
 12842,   695,    1250000,     925688,        0,    -324312,          0
 12842,   696,    1250000,     929108,        0,    -320892,          0
 12842,   697,    1250000,     959646,        0,    -290354,          0
 12842,   698,    1250000,     909166,        0,    -340834,          0
 12842,   699,    1250000,     965025,        0,    -284975,          0
 12842,   700,    1250000,     993011,        0,    -256989,          0
 12842,   701,    1250000,     968402,        0,    -281598,          0
 12842,   702,    1250000,     972071,        0,    -277929,          0
 12842,   703,    1250000,     935257,        0,    -314743,          0
 12842,   704,    1250000,     978155,        0,    -271845,          0
 12842,   705,    1250000,     934585,        0,    -315415,          0
 12842,   706,    1250000,     962186,        0,    -287814,          0
 12842,   707,    1250000,     922161,        0,    -327839,          0
 12842,   708,    1250000,     963638,        0,    -286362,          0
 12842,   709,    1250000,     957537,        0,    -292463,          0
 12842,   710,    1250000,     975563,        0,    -274437,          0
 12842,   711,    1250000,     919506,        0,    -330494,          0
 12842,   712,    1250000,     976515,        0,    -273485,          0
 12842,   713,    1250000,    1030928,        0,    -219072,          0
 12842,   714,    1250000,     964947,        0,    -285053,          0
 12842,   715,    1250000,     913297,        0,    -336703,          0
 12842,   716,    1250000,     914046,        0,    -335954,          0
 12842,   717,    1250000,    1015409,        0,    -234591,          0
 12842,   718,    1250000,    1071093,        0,    -178907,          0
 12842,   719,    1250000,     938987,        0,    -311013,          0
 12842,   720,    1250000,     939732,        0,    -310268,          0
 12842,   721,    1250000,     929137,        0,    -320863,          0
 12842,   722,    1250000,     926492,        0,    -323508,          0
 12842,   723,    1250000,     980352,        0,    -269648,          0
 12842,   724,    1250000,     974334,        0,    -275666,          0
 12842,   725,    1250000,     958534,        0,    -291466,          0
 12842,   726,    1250000,     960753,        0,    -289247,          0
 12842,   727,    1250000,     946962,        0,    -303038,          0
 12842,   728,    1250000,    1047559,        0,    -202441,          0
 12842,   729,    1250000,     924378,        0,    -325622,          0
 12842,   730,    1250000,     935961,        0,    -314039,          0
 12842,   731,    1250000,     925663,        0,    -324337,          0
 12842,   732,    1250000,     926996,        0,    -323004,          0
 12842,   733,    1250000,     967762,        0,    -282238,          0
 12842,   734,    1250000,     961804,        0,    -288196,          0
 12842,   735,    1250000,     935257,        0,    -314743,          0
 12842,   736,    1250000,     916019,        0,    -333981,          0
 12842,   737,    1250000,     953728,        0,    -296272,          0
 12842,   738,    1250000,     966324,        0,    -283676,          0
 12842,   739,    1250000,     917696,        0,    -332304,          0
 12842,   740,    1250000,     930370,        0,    -319630,          0
 12842,   741,    1250000,     998716,        0,    -251284,          0
 12842,   742,    1250000,     916813,        0,    -333187,          0
 12842,   743,    1250000,     948278,        0,    -301722,          0
 12842,   744,    1250000,     905943,        0,    -344057,          0
 12842,   745,    1250000,     939824,        0,    -310176,          0
 12842,   746,    1250000,     943837,        0,    -306163,          0
 12842,   747,    1250000,     961392,        0,    -288608,          0
 12842,   748,    1250000,     971169,        0,    -278831,          0
 12842,   749,    1250000,     942706,        0,    -307294,          0
 12842,   750,    1250000,     967580,        0,    -282420,          0
 12842,   751,    1250000,     937870,        0,    -312130,          0
 12842,   752,    1250000,     913885,        0,    -336115,          0
 12842,   753,    1250000,     999760,        0,    -250240,          0
 12842,   754,    1250000,     941027,        0,    -308973,          0
 12842,   755,    1250000,     923617,        0,    -326383,          0
 12842,   756,    1250000,    1019112,        0,    -230888,          0
 12842,   757,    1250000,     940629,        0,    -309371,          0
 12842,   758,    1250000,     947772,        0,    -302228,          0
 12842,   759,    1250000,     936338,        0,    -313662,          0
 12842,   760,    1250000,     964736,        0,    -285264,          0
 12842,   761,    1250000,     967179,        0,    -282821,          0
 12842,   762,    1250000,     917635,        0,    -332365,          0
 12842,   763,    1250000,     917976,        0,    -332024,          0
 12842,   764,    1250000,     956353,        0,    -293647,          0
 12842,   765,    1250000,     910624,        0,    -339376,          0
 12842,   766,    1250000,     984415,        0,    -265585,          0
 12842,   767,    1250000,     923490,        0,    -326510,          0
 12842,   768,    1250000,     987641,        0,    -262359,          0
 12842,   769,    1250000,     945863,        0,    -304137,          0
 12842,   770,    1250000,    1234120,        0,     -15880,          0
 12842,   771,    1250000,     921487,        0,    -328513,          0
 12842,   772,    1250000,     922339,        0,    -327661,          0
 12842,   773,    1250000,     925931,        0,    -324069,          0
 12842,   774,    1250000,     950347,        0,    -299653,          0
 12842,   775,    1250000,     922250,        0,    -327750,          0
 12842,   776,    1250000,     996410,        0,    -253590,          0
 12842,   777,    1250000,     922267,        0,    -327733,          0
 12842,   778,    1250000,     900582,        0,    -349418,          0
 12842,   779,    1250000,    1035127,        0,    -214873,          0
 12842,   780,    1250000,     941789,        0,    -308211,          0
 12842,   781,    1250000,     989392,        0,    -260608,          0
 12842,   782,    1250000,     979366,        0,    -270634,          0
 12842,   783,    1250000,     950914,        0,    -299086,          0
 12842,   784,    1250000,     952151,        0,    -297849,          0
 12842,   785,    1250000,     971519,        0,    -278481,          0
 12842,   786,    1250000,     925469,        0,    -324531,          0
 12842,   787,    1250000,     936736,        0,    -313264,          0
 12842,   788,    1250000,     938371,        0,    -311629,          0
 12842,   789,    1250000,     906628,        0,    -343372,          0
 12842,   790,    1250000,     904904,        0,    -345096,          0
 12842,   791,    1250000,     919604,        0,    -330396,          0
 12842,   792,    1250000,     959260,        0,    -290740,          0
 12842,   793,    1250000,     979344,        0,    -270656,          0
 12842,   794,    1250000,     925656,        0,    -324344,          0
 12842,   795,    1250000,     947674,        0,    -302326,          0
 12842,   796,    1250000,     945858,        0,    -304142,          0
 12842,   797,    1250000,     978776,        0,    -271224,          0
 12842,   798,    1250000,     928348,        0,    -321652,          0
 12842,   799,    1250000,     933664,        0,    -316336,          0
 12842,   800,    1250000,     906313,        0,    -343687,          0
 12842,   801,    1250000,     969242,        0,    -280758,          0
 12842,   802,    1250000,     953731,        0,    -296269,          0
 12842,   803,    1250000,     924652,        0,    -325348,          0
 12842,   804,    1250000,     932753,        0,    -317247,          0
