868 868 1
938 938 1
1112 1112 1
823 823 1
1210 1210 1
648 648 1
1839 1839 1
774 774 1
1683 1683 1
964 964 1
987 987 1
980 980 1
1810 1810 1
1576 1576 1
676 676 1
849 849 1
985 985 1
650 650 1
1051 1051 1
847 847 1
1034 1034 1
1068 1068 1
1072 1072 1
828 828 1
561 561 1
 
2694 2694 1
1630 1630 1
1975 1975 1
1763 1763 1
2510 2510 1
2921 2921 1
2580 2580 1
3087 3087 1
2262 2262 1
1644 1644 1
2176 2176 1
1770 1770 1
1184 1184 1
1376 1376 1
1085 1085 1
1388 1388 1
1587 1587 1
1786 1786 1
2417 2417 1
1892 1892 1
2276 2276 1
2060 2060 1
3743 3743 1
1711 1711 1
1634 1634 1
 
4158 4158 1
4188 4188 1
3396 3396 1
4195 4195 1
4132 4132 1
2541 2541 1
3280 3280 1
3617 3617 1
6001 6001 1
2498 2498 1
2782 2782 1
3372 3372 1
2969 2969 1
4764 4764 1
2296 2296 1
2282 2282 1
3565 3565 1
3750 3750 1
4869 4869 1
3694 3694 1
2978 2978 1
3037 3037 1
2581 2581 1
2543 2543 1
5234 5234 1
 
2843 2843 1
3401 3401 1
5164 5164 1
3553 3553 1
4256 4256 1
3059 3059 1
4942 4942 1
3729 3729 1
4249 4249 1
3493 3493 1
4679 4679 1
4671 4671 1
3827 3827 1
6207 6207 1
4100 4100 1
3518 3518 1
3584 3584 1
4722 4722 1
6258 6258 1
5719 5719 1
4032 4032 1
7824 7824 1
3874 3874 1
3626 3626 1
3659 3659 1
 
4515 4515 1
5138 5138 1
4137 4137 1
7239 7239 1
4896 4896 1
4266 4266 1
6021 6021 1
5937 5937 1
4755 4755 1
4217 4217 1
3720 3720 1
4326 4326 1
6604 6604 1
5682 5682 1
5275 5275 1
5453 5453 1
4980 4980 1
5234 5234 1
6240 6240 1
5204 5204 1
3988 3988 1
6057 6057 1
4996 4996 1
4621 4621 1
5074 5074 1
 
6066 6066 1
4542 4542 1
5378 5378 1
6825 6825 1
6324 6324 1
5383 5383 1
7831 7831 1
4462 4462 1
5673 5673 1
5919 5919 1
4359 4359 1
3858 3858 1
6383 6383 1
6278 6278 1
6984 6984 1
6090 6090 1
4971 4971 1
6162 6162 1
5355 5355 1
5038 5038 1
5310 5310 1
8085 8085 1
7624 7624 1
5454 5454 1
4670 4670 1
 
7042 7042 1
6358 6358 1
7322 7322 1
6421 6421 1
7645 7645 1
8470 8470 1
6896 6896 1
10817 10817 1
9369 9369 1
9873 9873 1
6906 6906 1
6461 6461 1
7537 7537 1
7357 7357 1
4748 4748 1
7138 7138 1
9412 9412 1
6869 6869 1
7758 7758 1
8379 8379 1
8158 8158 1
8545 8545 1
9560 9560 1
5634 5634 1
7775 7775 1
 
5935 5935 1
10915 10915 1
8989 8989 1
7416 7416 1
7272 7272 1
7118 7118 1
9032 9032 1
8954 8954 1
8943 8943 1
9918 9918 1
6324 6324 1
9961 9961 1
8237 8237 1
8772 8772 1
7235 7235 1
8085 8085 1
8459 8459 1
9645 9645 1
10612 10612 1
8956 8956 1
6886 6886 1
8149 8149 1
8609 8609 1
8957 8957 1
6488 6488 1
 
9945 9945 1
8584 8584 1
8344 8344 1
10193 10193 1
8998 8998 1
8248 8248 1
7680 7680 1
9918 9918 1
8146 8146 1
11241 11241 1
11538 11538 1
9775 9775 1
9228 9228 1
11500 11500 1
10005 10005 1
9613 9613 1
9372 9372 1
8983 8983 1
10800 10800 1
14630 14630 1
8613 8613 1
8494 8494 1
8724 8724 1
8527 8527 1
9080 9080 1
 
12986 12986 1
11305 11305 1
9441 9441 1
13213 13213 1
9461 9461 1
13595 13595 1
9967 9967 1
10801 10801 1
11937 11937 1
9566 9566 1
12603 12603 1
12970 12970 1
9123 9123 1
12389 12389 1
9024 9024 1
12729 12729 1
9660 9660 1
10724 10724 1
11152 11152 1
10000 10000 1
9662 9662 1
11900 11900 1
10378 10378 1
12837 12837 1
9048 9048 1
 
12238 12238 1
15931 15931 1
12343 12343 1
12215 12215 1
10950 10950 1
13701 13701 1
10424 10424 1
14547 14547 1
10396 10396 1
10924 10924 1
15171 15171 1
15120 15120 1
10278 10278 1
12957 12957 1
10992 10992 1
12414 12414 1
10994 10994 1
10859 10859 1
11895 11895 1
9229 9229 1
13249 13249 1
9630 9630 1
12732 12732 1
10325 10325 1
11538 11538 1
 
16221 16221 1
13790 13790 1
15457 15457 1
12977 12977 1
16629 16629 1
13895 13895 1
13908 13908 1
12557 12557 1
12190 12190 1
15207 15207 1
12624 12624 1
12002 12002 1
12738 12738 1
12871 12871 1
10923 10923 1
13291 13291 1
14755 14755 1
14124 14124 1
17451 17451 1
10348 10348 1
11248 11248 1
13389 13389 1
13500 13500 1
11220 11220 1
11746 11746 1
 
13754 13754 1
14026 14026 1
14351 14351 1
14362 14362 1
13710 13710 1
12315 12315 1
13491 13491 1
13465 13465 1
11599 11599 1
14150 14150 1
17691 17691 1
10136 10136 1
15092 15092 1
17259 17259 1
14528 14528 1
16884 16884 1
12540 12540 1
14550 14550 1
10672 10672 1
15146 15146 1
12932 12932 1
14469 14469 1
18640 18640 1
16014 16014 1
12481 12481 1
 
17173 17173 1
13872 13872 1
15722 15722 1
16379 16379 1
19142 19142 1
16330 16330 1
15085 15085 1
13545 13545 1
13585 13585 1
18904 18904 1
14426 14426 1
14882 14882 1
15776 15776 1
13725 13725 1
14162 14162 1
16816 16816 1
15897 15897 1
15803 15803 1
13646 13646 1
16013 16013 1
17198 17198 1
16343 16343 1
17752 17752 1
14408 14408 1
13557 13557 1
 
15503 15503 1
19348 19348 1
17396 17396 1
14886 14886 1
15995 15995 1
15516 15516 1
13965 13965 1
16580 16580 1
16333 16333 1
14993 14993 1
18066 18066 1
17603 17603 1
16666 16666 1
20950 20950 1
12946 12946 1
14466 14466 1
16237 16237 1
16410 16410 1
15876 15876 1
14654 14654 1
18625 18625 1
14338 14338 1
19007 19007 1
14964 14964 1
13144 13144 1
 
15677 15677 1
17139 17139 1
14918 14918 1
15907 15907 1
20498 20498 1
16771 16771 1
21578 21578 1
18855 18855 1
18142 18142 1
15719 15719 1
16815 16815 1
15452 15452 1
16475 16475 1
14936 14936 1
15292 15292 1
18453 18453 1
16902 16902 1
16074 16074 1
16317 16317 1
16670 16670 1
17955 17955 1
16790 16790 1
16394 16394 1
19253 19253 1
18900 18900 1
 
24603 24603 1
18081 18081 1
22351 22351 1
17889 17889 1
18562 18562 1
15938 15938 1
21209 21209 1
16860 16860 1
16922 16922 1
22602 22602 1
17318 17318 1
21664 21664 1
19399 19399 1
19722 19722 1
17391 17391 1
22955 22955 1
17792 17792 1
17168 17168 1
19114 19114 1
21610 21610 1
17246 17246 1
18551 18551 1
18779 18779 1
18981 18981 1
18683 18683 1
 
15741 15741 1
18493 18493 1
16306 16306 1
19999 19999 1
16405 16405 1
16981 16981 1
20917 20917 1
21111 21111 1
17604 17604 1
17616 17616 1
18684 18684 1
16545 16545 1
26954 26954 1
18129 18129 1
23564 23564 1
22522 22522 1
17842 17842 1
24729 24729 1
24181 24181 1
24141 24141 1
22230 22230 1
23313 23313 1
19878 19878 1
18376 18376 1
20276 20276 1
 
18970 18970 1
20578 20578 1
17131 17131 1
20466 20466 1
16262 16262 1
23168 23168 1
19322 19322 1
19862 19862 1
20887 20887 1
19672 19672 1
21197 21197 1
22289 22289 1
23425 23425 1
21269 21269 1
22180 22180 1
20487 20487 1
17952 17952 1
17366 17366 1
43750 43750 1
24684 24684 1
20374 20374 1
24605 24605 1
23482 23482 1
18130 18130 1
20824 20824 1
 
25725 25725 1
25966 25966 1
27925 27925 1
21145 21145 1
21497 21497 1
19217 19217 1
21274 21274 1
19180 19180 1
22790 22790 1
21966 21966 1
17885 17885 1
25888 25888 1
23044 23044 1
21529 21529 1
19339 19339 1
21289 21289 1
21834 21834 1
21926 21926 1
21759 21759 1
21239 21239 1
18356 18356 1
24140 24140 1
17186 17186 1
24783 24783 1
22245 22245 1
 
23894 23894 1
24071 24071 1
22100 22100 1
27656 27656 1
28757 28757 1
21252 21252 1
21791 21791 1
25924 25924 1
23754 23754 1
22442 22442 1
21380 21380 1
20320 20320 1
23704 23704 1
25262 25262 1
20984 20984 1
21744 21744 1
21376 21376 1
26548 26548 1
18025 18025 1
22900 22900 1
22501 22501 1
23839 23839 1
22030 22030 1
21388 21388 1
24462 24462 1
 
3318 19326 0
3869 19910 0
6168 32074 0
3636 24399 0
4442 29226 0
4348 27963 0
4198 29775 0
4284 26919 0
3947 23836 0
4290 30081 0
3210 20308 0
3913 25300 0
3433 22601 0
4297 25536 0
3772 22470 0
3386 21024 0
3380 20239 0
3448 21662 0
3926 23063 0
3899 27094 0
3885 24489 0
3650 19911 0
3604 21479 0
3949 25240 0
3872 25336 0
 
1484 17536 0
1481 17708 0
1710 18317 0
1873 19670 0
3321 38306 0
1864 20325 0
1679 19836 0
1900 21924 0
1706 20538 0
1606 18302 0
1949 22424 0
1711 21311 0
1623 18715 0
1630 19059 0
1945 19513 0
1706 20580 0
1653 18847 0
1754 19344 0
1605 19531 0
1671 18767 0
1494 18546 0
1807 21433 0
1576 19559 0
1554 16679 0
1644 19520 0
 
===
